# Z-Grid Data for Iteration 4
# Shape: (50, 120)
# Min value: -172.89986639797914
# Max value: 144.00126613640194
# Average value: -3.5806350802813247

# Radial edges (r_edges):
0.000
0.200
0.400
0.600
0.800
1.000
1.200
1.400
1.600
1.800
2.000
2.200
2.400
2.600
2.800
3.000
3.200
3.400
3.600
3.800
4.000
4.200
4.400
4.600
4.800
5.000
5.200
5.400
5.600
5.800
6.000
6.200
6.400
6.600
6.800
7.000
7.200
7.400
7.600
7.800
8.000
8.200
8.400
8.600
8.800
9.000
9.200
9.400
9.600
9.800
10.000

# Angular edges (theta_edges):
0.000
0.052
0.105
0.157
0.209
0.262
0.314
0.367
0.419
0.471
0.524
0.576
0.628
0.681
0.733
0.785
0.838
0.890
0.942
0.995
1.047
1.100
1.152
1.204
1.257
1.309
1.361
1.414
1.466
1.518
1.571
1.623
1.676
1.728
1.780
1.833
1.885
1.937
1.990
2.042
2.094
2.147
2.199
2.251
2.304
2.356
2.409
2.461
2.513
2.566
2.618
2.670
2.723
2.775
2.827
2.880
2.932
2.985
3.037
3.089
3.142
3.194
3.246
3.299
3.351
3.403
3.456
3.508
3.560
3.613
3.665
3.718
3.770
3.822
3.875
3.927
3.979
4.032
4.084
4.136
4.189
4.241
4.294
4.346
4.398
4.451
4.503
4.555
4.608
4.660
4.712
4.765
4.817
4.869
4.922
4.974
5.027
5.079
5.131
5.184
5.236
5.288
5.341
5.393
5.445
5.498
5.550
5.603
5.655
5.707
5.760
5.812
5.864
5.917
5.969
6.021
6.074
6.126
6.178
6.231
6.283

# Z-Grid matrix (rows = radii, columns = angles):
-19.297 -19.239 -19.153 -19.057 -18.958 -18.856 -18.752 -18.645 -18.537 -18.427 -18.317 -18.206 -18.094 -17.983 -17.873 -17.763 -17.655 -17.549 -17.444 -17.342 -17.242 -17.145 -17.049 -16.958 -16.871 -16.789 -16.710 -16.635 -16.565 -16.499 -16.437 -16.369 -16.298 -16.240 -16.199 -16.179 -16.175 -16.164 -16.145 -16.129 -16.118 -16.112 -16.110 -16.113 -16.122 -16.137 -16.167 -16.210 -16.250 -16.285 -16.322 -16.361 -16.402 -16.450 -16.503 -16.561 -16.624 -16.691 -16.761 -16.834 -16.909 -16.988 -17.069 -17.148 -17.206 -17.244 -17.302 -17.385 -17.475 -17.566 -17.656 -17.745 -17.837 -17.931 -18.026 -18.120 -18.216 -18.317 -18.421 -18.520 -18.615 -18.707 -18.798 -18.886 -18.973 -19.058 -19.140 -19.220 -19.297 -19.372 -19.443 -19.510 -19.574 -19.634 -19.691 -19.744 -19.793 -19.837 -19.877 -19.907 -19.918 -19.910 -19.911 -19.921 -19.934 -19.956 -19.984 -19.993 -19.981 -19.960 -19.932 -19.897 -19.857 -19.811 -19.759 -19.702 -19.639 -19.571 -19.502 -19.453
-19.962 -19.862 -19.711 -19.546 -19.374 -19.197 -19.015 -18.830 -18.642 -18.452 -18.261 -18.068 -17.876 -17.687 -17.499 -17.313 -17.131 -16.951 -16.775 -16.605 -16.438 -16.269 -16.099 -15.943 -15.801 -15.668 -15.543 -15.428 -15.323 -15.232 -15.146 -15.023 -14.867 -14.750 -14.693 -14.709 -14.775 -14.799 -14.780 -14.766 -14.766 -14.769 -14.774 -14.785 -14.805 -14.843 -14.928 -15.053 -15.153 -15.223 -15.283 -15.326 -15.353 -15.406 -15.487 -15.584 -15.697 -15.823 -15.948 -16.069 -16.194 -16.324 -16.459 -16.585 -16.628 -16.576 -16.590 -16.699 -16.834 -16.967 -17.077 -17.165 -17.272 -17.403 -17.538 -17.671 -17.821 -18.028 -18.284 -18.499 -18.666 -18.823 -18.973 -19.116 -19.254 -19.390 -19.522 -19.650 -19.775 -19.896 -20.008 -20.100 -20.173 -20.255 -20.348 -20.440 -20.527 -20.608 -20.678 -20.695 -20.525 -20.200 -20.021 -20.022 -20.110 -20.359 -20.733 -20.951 -20.987 -20.966 -20.931 -20.884 -20.826 -20.757 -20.680 -20.602 -20.522 -20.423 -20.310 -20.228
-20.856 -20.692 -20.445 -20.172 -19.888 -19.596 -19.296 -18.992 -18.683 -18.370 -18.049 -17.723 -17.407 -17.102 -16.802 -16.508 -16.218 -15.928 -15.642 -15.370 -15.105 -14.819 -14.514 -14.247 -14.024 -13.823 -13.646 -13.503 -13.387 -13.306 -13.240 -13.089 -12.861 -12.689 -12.616 -12.656 -12.763 -12.784 -12.753 -12.760 -12.805 -12.841 -12.863 -12.889 -12.925 -12.987 -13.130 -13.329 -13.476 -13.576 -13.655 -13.638 -13.530 -13.506 -13.582 -13.707 -13.893 -14.123 -14.326 -14.497 -14.671 -14.860 -15.060 -15.276 -15.385 -15.306 -15.297 -15.430 -15.603 -15.754 -15.805 -15.768 -15.805 -15.928 -16.045 -16.137 -16.310 -16.756 -17.426 -17.928 -18.267 -18.608 -18.899 -19.131 -19.339 -19.535 -19.720 -19.883 -20.029 -20.179 -20.288 -20.194 -19.922 -19.811 -19.897 -20.040 -20.192 -20.339 -20.460 -20.362 -19.455 -17.878 -16.987 -16.949 -17.340 -18.472 -20.180 -21.213 -21.459 -21.485 -21.478 -21.455 -21.415 -21.351 -21.295 -21.355 -21.504 -21.512 -21.382 -21.271
-21.792 -21.566 -21.213 -20.814 -20.396 -19.967 -19.528 -19.084 -18.635 -18.177 -17.688 -17.178 -16.705 -16.272 -15.850 -15.429 -15.014 -14.589 -14.152 -13.753 -13.389 -12.999 -12.584 -12.226 -11.923 -11.661 -11.461 -11.367 -11.329 -11.290 -11.245 -11.123 -10.933 -10.777 -10.689 -10.672 -10.679 -10.618 -10.560 -10.587 -10.675 -10.743 -10.783 -10.822 -10.862 -10.922 -11.047 -11.181 -11.247 -11.321 -11.419 -11.379 -11.183 -11.082 -11.090 -11.188 -11.416 -11.717 -11.948 -12.110 -12.305 -12.548 -12.798 -13.097 -13.374 -13.477 -13.555 -13.701 -13.864 -13.997 -14.015 -13.934 -13.937 -14.026 -14.010 -13.845 -13.828 -14.295 -15.128 -15.721 -16.283 -17.085 -17.757 -18.220 -18.549 -18.780 -18.907 -18.803 -18.530 -18.409 -18.250 -17.231 -15.445 -14.410 -14.301 -14.527 -14.925 -15.359 -15.684 -15.612 -14.190 -11.664 -10.293 -10.409 -11.308 -13.377 -16.334 -18.167 -18.711 -18.901 -19.044 -19.180 -19.293 -19.332 -19.445 -20.157 -21.354 -21.998 -22.102 -22.166
-22.310 -22.190 -21.850 -21.347 -20.788 -20.211 -19.624 -19.031 -18.437 -17.830 -17.176 -16.487 -15.856 -15.284 -14.710 -14.111 -13.527 -12.955 -12.372 -11.841 -11.383 -10.959 -10.571 -10.255 -9.963 -9.708 -9.533 -9.498 -9.517 -9.452 -9.327 -9.188 -9.038 -8.903 -8.800 -8.734 -8.675 -8.592 -8.530 -8.539 -8.600 -8.655 -8.697 -8.748 -8.795 -8.841 -8.914 -8.958 -8.942 -8.991 -9.141 -9.262 -9.294 -9.333 -9.352 -9.451 -9.713 -10.026 -10.210 -10.292 -10.468 -10.740 -11.004 -11.298 -11.581 -11.748 -11.862 -11.978 -12.091 -12.198 -12.318 -12.452 -12.582 -12.716 -12.666 -12.272 -11.845 -11.613 -11.486 -11.247 -11.533 -12.591 -13.779 -14.871 -15.608 -15.842 -15.414 -13.830 -11.610 -10.279 -9.509 -7.503 -4.323 -2.478 -2.224 -2.790 -4.131 -5.668 -6.734 -7.295 -6.981 -5.995 -5.654 -6.256 -7.414 -9.174 -11.351 -12.814 -13.487 -13.935 -14.346 -14.750 -15.095 -15.210 -15.367 -16.618 -18.779 -20.137 -20.938 -21.811
-20.894 -21.517 -21.742 -21.341 -20.685 -19.977 -19.257 -18.534 -17.813 -17.088 -16.336 -15.562 -14.813 -14.083 -13.341 -12.560 -11.810 -11.143 -10.531 -9.977 -9.495 -9.090 -8.783 -8.575 -8.372 -8.181 -8.017 -7.905 -7.815 -7.658 -7.468 -7.320 -7.178 -7.029 -6.913 -6.846 -6.806 -6.759 -6.711 -6.696 -6.718 -6.758 -6.809 -6.881 -6.951 -6.995 -7.046 -7.125 -7.217 -7.363 -7.579 -7.818 -8.053 -8.281 -8.452 -8.659 -8.996 -9.348 -9.521 -9.587 -9.764 -9.972 -10.128 -10.328 -10.477 -10.508 -10.530 -10.577 -10.610 -10.631 -10.686 -10.764 -10.782 -10.802 -10.732 -10.298 -9.567 -8.489 -7.070 -5.610 -4.924 -5.366 -6.671 -8.467 -9.953 -10.182 -8.203 -3.723 1.212 4.006 5.231 6.758 8.662 9.449 9.290 8.266 5.902 3.253 1.474 0.198 -1.110 -2.563 -3.886 -5.142 -6.385 -7.572 -8.738 -9.714 -10.496 -11.202 -11.866 -12.490 -12.989 -13.122 -13.098 -13.841 -15.192 -16.118 -17.296 -18.876
-17.445 -19.141 -20.568 -20.692 -20.058 -19.250 -18.422 -17.594 -16.772 -15.947 -15.099 -14.234 -13.372 -12.507 -11.656 -10.820 -10.064 -9.444 -8.922 -8.462 -8.043 -7.684 -7.398 -7.169 -6.932 -6.717 -6.513 -6.304 -6.113 -5.904 -5.705 -5.577 -5.458 -5.321 -5.219 -5.167 -5.156 -5.151 -5.131 -5.114 -5.128 -5.190 -5.292 -5.411 -5.498 -5.549 -5.646 -5.844 -6.117 -6.418 -6.713 -6.981 -7.245 -7.541 -7.844 -8.157 -8.522 -8.858 -9.083 -9.300 -9.583 -9.742 -9.762 -9.837 -9.832 -9.659 -9.532 -9.498 -9.447 -9.340 -9.187 -8.943 -8.498 -7.935 -7.385 -6.763 -6.031 -4.827 -3.046 -1.089 0.502 1.119 0.583 -0.757 -2.374 -2.288 1.617 7.865 12.984 15.559 16.521 16.864 16.806 16.138 15.538 14.683 12.874 10.927 9.569 8.297 6.263 3.396 0.574 -2.091 -4.245 -5.726 -6.907 -8.000 -9.042 -10.033 -10.960 -11.807 -12.513 -12.937 -13.153 -13.505 -13.825 -13.904 -14.385 -15.217
-14.729 -16.514 -18.747 -19.569 -19.088 -18.221 -17.307 -16.395 -15.482 -14.543 -13.555 -12.560 -11.603 -10.692 -9.867 -9.144 -8.548 -8.074 -7.637 -7.193 -6.768 -6.422 -6.123 -5.816 -5.506 -5.270 -5.092 -4.922 -4.774 -4.613 -4.450 -4.337 -4.248 -4.171 -4.105 -4.043 -4.015 -3.994 -3.936 -3.846 -3.799 -3.886 -4.116 -4.361 -4.501 -4.636 -4.884 -5.227 -5.614 -6.002 -6.364 -6.675 -6.938 -7.232 -7.578 -7.944 -8.294 -8.560 -8.807 -9.104 -9.380 -9.537 -9.614 -9.727 -9.734 -9.522 -9.309 -9.169 -9.029 -8.823 -8.484 -7.882 -6.884 -5.689 -4.658 -3.891 -3.358 -2.604 -1.263 0.610 2.863 4.824 6.014 6.597 6.893 8.724 13.307 17.937 20.550 21.617 21.819 21.396 20.835 20.211 19.929 19.739 19.151 18.413 17.689 16.712 15.013 12.446 9.070 4.705 0.566 -2.266 -4.128 -5.644 -7.063 -8.408 -9.660 -10.799 -11.795 -12.608 -13.249 -13.750 -14.005 -13.992 -13.910 -13.827
-13.960 -14.938 -16.838 -18.032 -17.838 -16.984 -16.008 -15.022 -14.008 -12.929 -11.817 -10.765 -9.806 -8.976 -8.333 -7.810 -7.327 -6.867 -6.404 -5.937 -5.525 -5.242 -5.015 -4.775 -4.548 -4.384 -4.279 -4.205 -4.152 -4.051 -3.907 -3.754 -3.599 -3.463 -3.286 -3.035 -2.792 -2.540 -2.198 -1.729 -1.310 -1.308 -1.818 -2.333 -2.523 -2.883 -3.645 -4.438 -5.083 -5.703 -6.395 -7.015 -7.449 -7.799 -8.138 -8.449 -8.694 -8.863 -9.062 -9.270 -9.413 -9.567 -9.749 -9.929 -10.068 -10.047 -9.899 -9.641 -9.355 -9.039 -8.484 -7.509 -6.194 -4.864 -3.732 -2.835 -2.278 -1.813 -0.862 0.777 3.172 6.073 8.950 11.912 15.902 20.937 24.873 26.189 25.679 25.000 24.702 24.560 24.777 25.180 25.646 26.013 26.067 25.808 25.242 24.318 22.940 20.997 18.061 13.419 7.633 2.603 -0.642 -2.811 -4.682 -6.434 -8.055 -9.522 -10.813 -11.913 -12.816 -13.515 -13.990 -14.230 -14.228 -14.077
-13.752 -13.934 -14.960 -16.235 -16.388 -15.596 -14.572 -13.505 -12.372 -11.176 -10.038 -9.082 -8.286 -7.630 -7.117 -6.645 -6.160 -5.693 -5.286 -4.963 -4.736 -4.615 -4.532 -4.471 -4.431 -4.334 -4.182 -4.024 -3.800 -3.413 -2.993 -2.575 -2.110 -1.622 -1.034 -0.311 0.400 0.994 1.565 2.434 3.409 3.789 3.428 3.337 3.883 3.569 1.963 0.337 -0.738 -1.990 -3.860 -5.737 -7.346 -8.670 -9.700 -10.368 -10.617 -10.537 -10.397 -10.305 -10.263 -10.337 -10.457 -10.533 -10.641 -10.727 -10.727 -10.527 -10.174 -9.714 -8.884 -7.626 -6.294 -5.097 -3.970 -2.898 -2.117 -1.574 -0.653 0.864 3.013 6.000 9.959 15.483 23.189 30.359 33.270 32.613 30.242 28.367 28.006 28.729 30.000 31.303 32.369 33.090 33.392 33.249 32.650 31.598 30.103 28.158 25.558 21.573 15.393 8.336 3.234 0.139 -2.261 -4.447 -6.452 -8.250 -9.821 -11.149 -12.216 -13.027 -13.613 -13.983 -14.134 -14.137
-13.204 -13.069 -13.578 -14.693 -14.901 -14.103 -13.019 -11.858 -10.644 -9.459 -8.461 -7.716 -7.108 -6.537 -6.028 -5.574 -5.194 -4.924 -4.770 -4.711 -4.731 -4.787 -4.767 -4.696 -4.591 -4.323 -3.925 -3.467 -2.774 -1.781 -0.853 -0.064 0.760 1.661 2.681 3.828 4.875 5.276 5.066 5.365 6.240 6.939 7.488 9.177 11.749 12.239 10.488 8.729 7.765 6.464 4.526 2.492 -0.754 -4.903 -9.031 -12.399 -14.311 -14.551 -13.899 -13.260 -12.752 -12.357 -12.082 -11.852 -11.707 -11.635 -11.611 -11.524 -11.271 -10.727 -9.688 -8.324 -7.047 -5.895 -4.710 -3.481 -2.429 -1.622 -0.603 0.916 2.919 5.665 10.155 18.067 28.443 35.687 37.408 36.501 34.640 32.955 32.533 33.697 35.658 37.541 39.037 40.054 40.539 40.460 39.804 38.579 36.813 34.546 31.766 28.054 22.193 14.309 7.430 3.023 -0.030 -2.651 -5.003 -7.076 -8.884 -10.397 -11.550 -12.360 -12.960 -13.373 -13.575 -13.626
-12.422 -12.278 -12.623 -13.403 -13.384 -12.499 -11.340 -10.129 -8.981 -7.978 -7.204 -6.616 -6.090 -5.589 -5.195 -4.949 -4.857 -4.911 -5.003 -5.020 -5.042 -5.053 -4.834 -4.402 -3.882 -3.275 -2.671 -2.086 -1.270 -0.157 0.799 1.467 2.157 2.981 3.910 4.919 5.762 5.679 4.636 4.088 4.296 4.679 5.574 8.683 13.291 15.232 14.760 14.239 14.181 14.005 13.980 13.605 10.145 3.987 -3.422 -10.820 -16.276 -18.323 -18.311 -18.438 -18.254 -17.231 -15.916 -14.719 -13.836 -13.246 -12.885 -12.666 -12.420 -11.836 -10.771 -9.485 -8.240 -7.025 -5.745 -4.375 -3.044 -1.936 -0.844 0.690 2.720 5.353 9.857 18.646 29.885 36.591 37.839 37.682 37.948 37.830 37.375 38.443 40.791 43.144 45.037 46.353 47.025 47.011 46.296 44.889 42.827 40.169 36.976 33.122 27.767 19.978 11.536 5.573 1.808 -1.183 -3.734 -5.912 -7.861 -9.533 -10.767 -11.579 -12.182 -12.611 -12.818 -12.868
-11.705 -11.521 -11.671 -12.085 -11.807 -10.808 -9.609 -8.483 -7.545 -6.783 -6.188 -5.719 -5.344 -5.072 -4.939 -4.934 -5.049 -5.219 -5.139 -4.648 -4.215 -3.936 -3.496 -2.869 -2.234 -1.651 -1.157 -0.746 -0.251 0.401 0.853 0.953 1.063 1.312 1.614 1.933 2.210 2.261 2.022 1.790 1.684 1.658 2.314 5.715 11.540 15.371 16.793 17.693 18.555 19.157 19.180 18.038 15.112 10.520 3.756 -4.692 -11.317 -14.003 -16.362 -21.389 -25.540 -26.109 -24.161 -21.248 -18.579 -16.576 -15.235 -14.389 -13.775 -13.041 -12.043 -10.933 -9.730 -8.422 -7.033 -5.555 -4.051 -2.739 -1.537 0.070 2.187 4.802 8.954 17.124 27.675 34.051 36.166 37.523 39.727 41.184 41.147 42.260 44.907 47.687 49.969 51.580 52.436 52.484 51.705 50.110 47.748 44.694 41.046 36.840 31.562 23.760 14.346 7.378 3.139 -0.057 -2.646 -4.839 -6.895 -8.718 -10.107 -11.057 -11.712 -12.115 -12.269 -12.275
-11.095 -10.811 -10.716 -10.791 -10.273 -9.183 -8.056 -7.128 -6.404 -5.863 -5.478 -5.238 -5.122 -5.095 -5.073 -4.882 -4.594 -4.367 -3.814 -2.768 -2.020 -1.700 -1.414 -1.070 -0.759 -0.507 -0.301 -0.141 0.025 0.230 0.306 0.166 0.015 -0.070 -0.154 -0.251 -0.267 0.096 0.720 0.923 0.773 0.609 0.960 3.607 9.216 14.568 17.605 19.318 20.800 22.006 21.930 20.354 18.401 15.872 10.841 3.781 0.107 0.448 -3.594 -14.832 -25.878 -32.423 -34.598 -32.610 -28.497 -24.043 -20.307 -17.687 -15.964 -14.689 -13.573 -12.549 -11.404 -10.043 -8.552 -6.993 -5.446 -4.047 -2.657 -0.870 1.359 3.993 7.802 14.927 24.168 30.354 33.810 36.725 40.196 42.988 43.955 45.158 47.797 50.883 53.517 55.402 56.424 56.520 55.667 53.882 51.224 47.790 43.701 39.052 33.439 25.370 15.592 8.352 4.030 0.763 -1.968 -4.383 -6.610 -8.510 -9.962 -10.972 -11.604 -11.910 -11.951 -11.878
-10.502 -10.111 -9.774 -9.518 -8.789 -7.748 -6.865 -6.218 -5.761 -5.517 -5.409 -5.333 -5.219 -5.036 -4.637 -3.756 -2.715 -2.087 -1.583 -0.904 -0.469 -0.334 -0.265 -0.192 -0.129 -0.081 -0.043 -0.013 0.014 0.045 0.038 -0.031 -0.108 -0.174 -0.248 -0.326 -0.309 0.112 0.861 1.272 1.347 1.364 1.517 2.755 6.990 13.399 17.814 19.970 22.356 25.128 25.742 23.848 21.910 20.008 16.191 11.270 10.832 14.212 11.018 -0.612 -13.464 -25.767 -36.403 -41.578 -41.801 -37.535 -30.938 -24.948 -20.581 -17.652 -15.708 -14.360 -13.143 -11.786 -10.257 -8.638 -7.077 -5.613 -3.948 -1.845 0.568 3.267 6.868 13.096 21.077 26.884 31.058 35.051 39.477 43.609 45.833 46.950 49.269 52.531 55.462 57.579 58.734 58.854 57.913 55.937 52.998 49.213 44.731 39.675 33.704 25.428 15.634 8.510 4.338 0.990 -2.060 -4.763 -7.074 -8.914 -10.266 -11.161 -11.654 -11.803 -11.698 -11.528
-9.880 -9.358 -8.769 -8.253 -7.499 -6.744 -6.297 -6.121 -6.138 -6.246 -6.191 -5.779 -5.040 -4.104 -3.047 -1.874 -0.919 -0.479 -0.305 -0.146 -0.051 -0.027 -0.020 -0.014 -0.009 -0.006 -0.003 -0.001 0.001 0.003 -0.001 -0.012 -0.023 -0.028 -0.022 0.003 0.101 0.469 1.270 2.226 2.961 3.431 3.732 4.549 8.658 16.495 22.000 24.087 27.213 31.737 33.061 30.468 28.152 26.375 22.212 16.437 15.516 19.048 17.548 9.691 -0.101 -12.279 -26.241 -38.803 -48.835 -51.632 -47.071 -38.971 -30.587 -23.955 -19.533 -16.834 -15.062 -13.579 -12.050 -10.400 -8.744 -7.106 -5.180 -2.830 -0.283 2.419 5.740 10.999 17.887 23.632 28.261 32.875 37.798 42.610 45.586 46.797 49.073 52.529 55.697 57.988 59.231 59.343 58.299 56.133 52.936 48.848 44.049 38.692 32.487 24.210 14.689 7.808 3.662 0.194 -3.014 -5.758 -7.964 -9.627 -10.776 -11.467 -11.759 -11.719 -11.451 -11.176
-9.205 -8.586 -7.880 -7.359 -6.922 -6.722 -6.898 -7.336 -7.797 -7.911 -7.263 -5.886 -4.259 -2.669 -1.402 -0.588 -0.183 -0.053 -0.024 -0.010 -0.003 -0.001 -0.001 -0.000 -0.000 -0.000 -0.000 -0.000 0.000 0.000 -0.000 0.000 0.008 0.037 0.120 0.301 0.619 1.167 2.125 3.450 4.717 5.538 6.097 8.044 14.129 23.673 30.354 33.006 36.575 41.631 43.529 41.346 39.682 38.244 32.908 24.721 20.574 20.280 17.067 10.363 2.455 -7.007 -18.212 -31.137 -45.415 -56.092 -60.266 -56.851 -47.514 -36.514 -27.501 -21.565 -17.983 -15.695 -13.890 -12.150 -10.381 -8.571 -6.572 -4.314 -1.926 0.563 3.412 7.370 13.050 19.477 25.192 30.314 35.545 40.540 43.545 44.824 47.266 50.912 54.241 56.636 57.912 57.978 56.814 54.465 51.044 46.740 41.814 36.419 30.211 22.192 13.224 6.605 2.304 -1.269 -4.404 -7.002 -9.032 -10.471 -11.370 -11.814 -11.877 -11.637 -11.205 -10.826
-8.497 -7.986 -7.513 -7.333 -7.499 -8.071 -8.887 -9.582 -9.880 -9.468 -7.966 -5.725 -3.569 -1.780 -0.658 -0.194 -0.046 -0.007 -0.001 -0.000 -0.000 -0.000 -0.000 0.000 0.000 0.000 0.000 -0.000 -0.000 0.000 0.000 0.002 0.006 0.008 0.063 0.331 0.928 1.853 3.027 4.428 6.081 7.543 8.879 12.115 18.898 27.798 35.293 40.416 45.803 51.741 54.731 53.932 53.522 51.971 45.626 37.352 30.893 24.817 16.102 6.406 -2.546 -11.286 -20.327 -30.273 -41.449 -52.747 -62.714 -67.524 -64.289 -54.204 -41.780 -31.092 -23.682 -19.084 -16.146 -13.983 -12.132 -10.320 -8.389 -6.350 -4.259 -2.077 0.335 3.216 7.803 14.556 20.893 26.267 32.102 37.656 40.656 41.788 44.179 47.847 51.231 53.654 54.903 54.886 53.588 51.076 47.508 43.210 38.669 33.858 27.960 20.306 11.982 5.595 1.162 -2.420 -5.424 -7.938 -9.946 -11.264 -11.948 -12.158 -11.989 -11.541 -10.938 -10.450
-8.004 -7.827 -7.911 -8.439 -9.392 -10.542 -11.284 -11.198 -10.860 -10.564 -9.442 -6.967 -3.846 -1.502 -0.424 -0.101 -0.024 -0.004 -0.000 -0.000 0.000 0.000 0.000 0.000 0.000 0.000 0.000 0.000 0.000 0.000 0.000 -0.000 -0.016 -0.116 -0.328 -0.417 -0.027 0.931 2.219 3.733 5.814 8.428 11.313 15.159 20.492 27.055 34.264 41.235 48.286 55.452 61.041 64.468 67.336 66.685 60.181 51.663 42.953 33.556 20.132 4.710 -8.203 -18.564 -27.846 -36.518 -44.491 -51.562 -58.130 -64.291 -67.751 -65.397 -56.738 -44.681 -33.518 -25.300 -19.921 -16.530 -14.251 -12.380 -10.496 -8.608 -6.752 -4.824 -2.732 -0.443 3.371 9.644 15.791 21.002 26.881 32.888 36.469 37.966 40.215 43.642 46.940 49.304 50.459 50.317 48.892 46.324 42.848 38.949 35.238 31.159 25.362 17.827 10.256 4.401 0.110 -3.321 -6.134 -8.523 -10.493 -11.756 -12.353 -12.416 -12.042 -11.381 -10.581 -9.961
-8.189 -8.522 -9.383 -10.575 -11.479 -11.818 -11.701 -11.297 -11.920 -13.636 -14.077 -10.944 -5.190 -1.364 -0.237 -0.037 -0.006 -0.001 -0.000 -0.000 0.000 0.000 0.000 0.000 0.000 0.000 0.000 0.000 0.000 0.000 -0.000 -0.001 -0.019 -0.143 -0.557 -1.247 -1.706 -1.367 -0.217 1.477 3.904 7.199 10.860 14.750 19.009 24.021 30.329 37.531 45.055 52.765 60.265 67.173 73.189 76.076 74.178 67.834 58.334 48.787 33.617 11.384 -8.920 -23.519 -34.712 -42.933 -47.744 -48.135 -45.231 -45.707 -49.860 -53.515 -53.810 -49.672 -42.740 -34.168 -26.379 -20.803 -17.168 -14.743 -12.786 -10.996 -9.270 -7.530 -5.765 -3.938 -0.857 4.528 10.430 15.531 20.747 26.281 30.478 33.200 35.777 38.915 41.999 44.154 45.028 44.650 43.140 40.847 37.987 34.625 31.103 26.693 20.373 12.856 6.279 1.379 -2.386 -5.393 -7.768 -9.638 -11.070 -12.001 -12.477 -12.451 -11.940 -11.105 -10.151 -9.462
-9.357 -10.232 -11.426 -11.726 -10.342 -8.946 -9.960 -12.986 -17.153 -21.341 -22.598 -17.470 -7.683 -1.574 -0.148 -0.009 -0.001 -0.000 -0.000 -0.000 0.000 0.000 0.000 0.000 0.000 0.000 0.000 0.000 0.000 0.000 -0.000 -0.000 -0.007 -0.070 -0.391 -1.314 -2.798 -3.829 -3.354 -1.508 1.273 4.611 8.065 11.708 15.705 20.165 25.626 32.345 39.698 47.377 55.314 63.190 70.473 76.191 79.243 78.219 73.463 67.009 53.173 28.343 1.754 -19.081 -33.400 -37.979 -35.117 -29.094 -20.559 -17.727 -21.001 -25.664 -30.618 -36.030 -40.210 -39.002 -33.880 -27.627 -21.944 -17.952 -15.391 -13.506 -11.839 -10.273 -8.841 -7.467 -5.147 -0.760 4.891 9.956 14.462 19.161 23.708 27.987 31.690 34.897 37.686 39.347 39.486 38.550 36.877 35.033 32.963 29.722 25.457 20.253 13.750 6.706 1.042 -3.005 -6.090 -8.464 -10.206 -11.370 -12.057 -12.388 -12.469 -12.261 -11.694 -10.822 -9.895 -9.316
-11.012 -11.191 -10.329 -7.401 -4.060 -4.870 -11.307 -20.045 -27.542 -32.493 -33.035 -25.016 -10.784 -2.107 -0.166 -0.005 -0.000 -0.000 -0.000 -0.000 0.000 0.000 0.000 0.000 0.000 0.000 0.000 0.000 0.000 0.000 -0.000 -0.000 -0.001 -0.018 -0.161 -0.904 -3.046 -5.819 -6.614 -4.726 -1.483 1.675 4.623 7.863 11.604 15.836 20.764 26.684 33.384 40.707 48.542 56.542 64.185 70.838 75.780 78.193 77.865 74.690 65.304 46.274 21.275 -1.683 -13.553 -8.496 0.613 1.610 0.275 -2.993 -7.889 -11.858 -15.228 -20.011 -26.894 -32.971 -36.028 -34.619 -29.312 -23.327 -18.932 -16.202 -14.414 -13.034 -11.894 -10.797 -8.939 -5.363 -0.273 4.525 8.630 12.855 17.634 23.142 28.081 31.500 33.961 35.155 34.641 33.087 31.021 29.090 26.882 23.222 18.387 12.966 6.881 0.693 -4.113 -7.409 -9.769 -11.428 -12.482 -13.002 -13.097 -12.892 -12.508 -12.039 -11.473 -10.769 -10.134 -9.841
-9.958 -5.907 -0.137 4.169 3.250 -5.646 -18.836 -31.262 -40.234 -45.176 -44.591 -33.243 -14.206 -2.758 -0.215 -0.006 -0.000 -0.000 0.000 0.000 0.000 0.000 0.000 0.000 0.000 0.000 0.000 0.000 0.000 0.000 -0.000 -0.000 -0.000 -0.003 -0.056 -0.554 -2.665 -6.419 -8.719 -7.410 -4.122 -1.211 1.412 4.351 7.715 11.437 15.570 20.490 26.332 33.110 40.676 48.635 56.440 63.429 68.924 72.334 73.291 71.533 65.895 54.159 36.503 21.792 23.085 36.016 39.333 27.081 11.911 -0.706 -8.978 -12.964 -14.666 -15.720 -17.924 -22.405 -28.526 -33.876 -35.124 -31.075 -24.904 -20.080 -17.273 -15.708 -14.758 -13.858 -12.315 -9.445 -5.092 -0.471 3.719 7.833 12.527 18.103 23.211 26.596 28.789 29.989 29.826 28.493 26.383 23.828 20.356 15.874 10.880 5.603 0.074 -5.032 -8.729 -11.091 -12.667 -13.651 -14.091 -14.084 -13.763 -13.239 -12.605 -12.007 -11.503 -11.057 -10.747 -10.612
-0.444 9.526 18.160 17.203 6.602 -10.296 -28.044 -43.085 -53.713 -59.246 -57.659 -42.556 -18.087 -3.503 -0.272 -0.008 0.000 0.000 0.000 0.000 0.000 0.000 0.000 0.000 0.000 0.000 0.000 0.000 0.000 0.000 0.000 -0.000 -0.000 -0.001 -0.018 -0.246 -1.484 -4.497 -7.542 -7.656 -5.437 -2.869 0.022 3.156 6.363 9.161 11.557 14.876 19.508 25.521 32.742 40.631 48.541 55.612 61.125 64.755 66.089 64.874 60.808 53.567 45.887 46.103 56.998 64.655 57.780 40.630 21.569 4.319 -6.451 -11.317 -14.482 -16.790 -16.680 -15.672 -15.946 -20.424 -29.787 -35.654 -32.947 -26.695 -21.775 -18.907 -17.441 -16.510 -15.352 -13.282 -9.713 -5.118 -0.658 3.239 7.327 12.129 16.837 20.244 22.269 23.471 23.832 23.313 21.859 18.793 14.007 8.818 3.836 -1.206 -6.102 -9.934 -12.416 -13.892 -14.778 -15.188 -15.125 -14.697 -14.082 -13.435 -12.840 -12.356 -11.881 -11.186 -10.041 -8.804
21.355 31.679 35.305 24.759 5.660 -15.656 -35.885 -53.735 -67.327 -74.553 -72.250 -53.009 -22.450 -4.341 -0.337 -0.010 0.000 0.000 0.000 0.000 0.000 0.000 0.000 0.000 0.000 0.000 0.000 0.000 0.000 0.000 0.000 0.000 0.000 0.001 0.019 0.116 0.211 -0.587 -2.437 -3.259 -2.534 -0.901 1.667 4.665 7.864 10.256 11.627 13.537 16.281 20.868 27.559 35.432 43.428 49.998 54.396 57.358 58.568 57.568 54.386 50.874 53.723 65.090 73.052 68.867 55.991 40.410 24.667 10.347 0.963 -4.202 -9.414 -14.608 -14.801 -10.454 -4.114 -1.432 -11.557 -28.362 -36.036 -33.863 -28.952 -24.403 -21.180 -19.252 -17.917 -16.327 -13.585 -9.527 -5.339 -1.801 1.833 5.959 10.150 13.532 15.569 16.700 17.156 17.024 16.004 12.941 7.953 2.678 -2.137 -6.725 -10.807 -13.593 -15.291 -16.273 -16.679 -16.584 -16.062 -15.287 -14.496 -13.899 -13.550 -13.178 -11.954 -8.940 -4.381 -0.628
52.949 55.007 46.642 26.433 1.708 -22.388 -43.989 -63.212 -79.496 -89.598 -87.562 -64.148 -27.080 -5.226 -0.405 -0.011 0.001 0.001 0.000 0.000 -0.000 0.000 0.000 0.000 0.000 0.000 0.000 0.000 0.000 0.000 0.000 0.000 0.002 0.027 0.256 1.413 4.305 6.839 6.481 5.639 5.153 4.463 4.480 5.971 8.803 11.763 14.750 17.627 19.047 20.944 25.654 32.905 40.940 47.233 50.748 52.558 52.345 50.520 48.213 49.162 58.985 71.401 71.804 60.445 45.434 30.820 17.800 7.193 0.045 -4.358 -8.617 -12.108 -9.676 -1.126 9.932 17.853 12.784 -5.428 -22.432 -31.155 -34.518 -32.832 -28.164 -23.899 -20.994 -18.853 -16.491 -13.293 -9.824 -6.681 -3.348 0.262 3.898 7.097 9.235 10.424 10.926 10.825 9.802 7.107 2.818 -2.081 -6.735 -10.873 -14.240 -16.458 -17.781 -18.428 -18.432 -17.915 -17.075 -16.187 -15.542 -15.258 -15.076 -13.853 -9.428 -1.057 7.658 12.285
82.138 72.307 51.524 24.048 -4.622 -31.048 -53.610 -72.942 -89.928 -102.164 -100.605 -72.873 -30.275 -5.767 -0.405 0.032 0.033 0.019 0.008 0.000 -0.001 0.000 0.000 0.000 0.000 0.000 0.000 0.000 0.000 0.000 0.000 0.001 0.027 0.277 1.689 6.353 14.685 20.445 18.835 15.573 13.177 9.962 6.921 6.405 8.651 12.031 16.466 21.346 23.732 23.269 23.686 28.029 35.381 42.679 47.967 50.341 48.701 44.978 42.920 48.445 61.825 69.025 62.532 48.362 32.719 18.077 5.542 -4.178 -10.712 -14.622 -17.106 -16.388 -7.312 9.719 26.403 36.693 36.794 23.850 3.931 -14.032 -29.863 -38.578 -37.736 -32.429 -26.882 -22.549 -19.265 -16.229 -13.214 -10.449 -7.641 -4.655 -1.564 1.301 3.361 4.682 5.469 5.545 4.569 2.326 -1.128 -5.437 -9.904 -13.841 -16.866 -18.816 -19.883 -20.220 -19.945 -19.300 -18.563 -18.047 -17.943 -17.908 -16.685 -11.919 -1.072 13.729 24.399 27.846
95.878 78.075 49.097 16.958 -14.193 -41.987 -65.283 -84.958 -101.198 -112.004 -105.689 -70.347 -26.795 -4.574 0.196 0.571 0.417 0.242 0.095 0.004 -0.005 0.004 0.002 0.000 0.000 0.000 0.000 0.000 0.000 0.000 0.000 0.015 0.227 1.674 6.908 17.937 31.283 36.936 30.958 23.104 18.674 14.880 10.218 7.090 8.119 12.034 16.739 21.709 25.639 25.895 22.777 21.701 26.295 34.056 41.490 46.176 45.954 41.668 38.952 45.955 59.067 61.417 50.943 35.548 19.443 4.336 -8.756 -19.249 -26.506 -30.331 -30.939 -25.458 -9.416 13.661 32.509 43.983 48.045 40.180 22.081 3.792 -14.808 -31.552 -40.440 -41.524 -36.915 -30.027 -24.068 -19.650 -16.160 -13.276 -10.721 -8.217 -5.707 -3.468 -1.811 -0.487 0.590 1.010 0.422 -1.271 -4.082 -7.854 -12.002 -15.816 -18.746 -20.597 -21.583 -21.909 -21.847 -21.750 -21.816 -22.096 -22.141 -20.480 -14.731 -3.325 13.737 31.783 44.669 52.821
93.709 73.065 40.602 6.158 -26.351 -55.334 -79.796 -99.978 -114.985 -120.968 -102.482 -55.479 -15.651 -0.337 2.981 3.026 2.118 1.182 0.427 0.026 0.019 0.051 0.019 0.003 0.000 0.000 0.000 0.000 0.000 0.000 0.002 0.072 0.981 5.859 18.025 34.777 48.887 51.475 40.155 27.611 21.531 18.606 14.755 9.881 8.221 11.723 16.883 20.959 24.488 26.525 23.034 16.814 16.917 23.541 31.709 38.347 41.143 39.133 37.771 44.812 53.593 51.227 38.775 22.667 5.898 -10.159 -24.634 -36.732 -44.769 -47.170 -43.501 -31.985 -12.069 9.599 25.816 38.410 46.910 44.813 30.812 14.502 0.514 -13.184 -27.148 -39.379 -44.421 -40.518 -33.126 -26.263 -20.676 -16.448 -13.327 -10.837 -8.670 -6.897 -5.582 -4.425 -3.353 -2.751 -3.031 -4.412 -6.856 -10.189 -13.936 -17.567 -20.431 -22.361 -23.716 -24.793 -25.877 -27.182 -28.292 -28.243 -25.519 -18.348 -5.181 12.082 29.892 45.691 62.632 82.268
83.560 63.413 31.756 -2.716 -36.588 -68.349 -95.736 -116.830 -130.313 -130.777 -100.637 -43.516 -4.458 6.819 8.473 7.232 4.734 2.327 0.635 0.083 0.314 0.354 0.144 0.026 0.002 0.000 0.001 0.001 0.001 0.000 0.006 0.180 2.255 12.049 31.493 51.156 63.993 63.163 46.740 30.062 22.269 19.888 18.417 14.750 10.629 11.543 16.425 20.055 21.750 23.869 21.992 14.038 9.420 13.241 21.172 28.769 33.757 35.277 38.363 46.439 49.086 41.148 26.888 9.991 -7.835 -25.517 -41.843 -54.731 -61.577 -60.679 -51.684 -35.199 -14.410 3.492 16.282 28.561 40.638 45.952 37.602 20.802 9.042 2.178 -7.061 -21.512 -35.809 -42.252 -42.506 -38.047 -30.225 -22.788 -17.478 -13.990 -11.543 -9.705 -8.333 -7.193 -6.232 -5.800 -6.291 -7.775 -10.041 -12.950 -16.344 -19.891 -23.037 -25.691 -28.302 -31.246 -34.271 -36.646 -36.547 -31.787 -21.865 -7.789 9.727 27.026 40.254 52.418 72.432 97.179
76.095 56.831 26.674 -7.536 -43.433 -78.940 -110.115 -133.129 -145.843 -142.395 -105.052 -40.061 3.613 14.633 13.535 9.888 5.554 1.728 -0.134 0.216 1.265 1.376 0.653 0.140 0.013 0.001 0.004 0.009 0.009 0.005 0.021 0.403 3.826 17.545 41.650 63.625 76.998 73.341 51.778 31.112 21.291 18.484 18.717 18.274 15.215 13.663 16.095 18.446 18.364 19.623 19.903 12.933 3.765 3.632 10.916 19.084 25.400 29.776 36.336 44.403 42.876 31.386 15.633 -2.288 -21.674 -41.407 -58.832 -70.374 -74.065 -69.544 -57.049 -39.049 -19.207 -2.834 9.044 20.125 32.661 43.193 40.649 24.286 12.667 9.235 5.874 -1.843 -13.054 -25.313 -39.720 -48.945 -45.931 -36.112 -26.769 -20.375 -16.313 -13.564 -11.641 -10.272 -9.405 -9.261 -10.026 -11.613 -13.823 -16.630 -20.084 -24.038 -28.328 -32.826 -37.513 -42.419 -45.972 -45.631 -39.272 -26.160 -9.406 7.250 22.809 34.803 42.779 54.979 77.455 98.637
72.779 54.302 25.016 -10.034 -48.775 -87.579 -121.577 -146.616 -159.438 -152.874 -110.660 -41.268 6.580 18.610 15.544 9.917 4.019 -0.583 -1.500 0.507 2.803 3.310 1.891 0.537 0.076 0.006 0.008 0.025 0.035 0.023 0.082 1.121 7.328 24.844 50.140 72.781 87.294 81.633 55.408 30.750 18.598 14.675 15.371 18.179 19.349 18.498 18.846 19.425 17.723 16.361 16.014 9.020 -3.349 -6.018 1.111 9.891 17.148 23.022 30.541 37.690 34.767 22.037 5.193 -13.891 -34.988 -56.295 -73.384 -82.556 -83.444 -76.540 -62.454 -44.828 -26.363 -9.720 3.514 14.501 26.160 38.625 40.458 26.081 14.781 12.247 11.208 8.821 5.177 -2.383 -20.693 -44.729 -57.412 -53.905 -43.454 -33.549 -26.109 -21.112 -18.013 -16.093 -15.018 -14.851 -15.650 -17.311 -19.716 -22.888 -26.849 -31.577 -37.354 -43.836 -49.197 -51.956 -50.772 -43.018 -28.750 -11.791 4.272 17.803 28.788 35.191 40.965 57.544 82.482 98.623
71.426 54.189 24.968 -12.274 -53.821 -94.690 -130.163 -156.319 -168.271 -155.182 -106.482 -39.459 6.454 18.941 15.191 8.032 0.757 -3.452 -2.636 1.007 4.633 6.144 4.501 1.775 0.343 0.030 0.005 0.033 0.070 0.058 0.190 2.298 12.778 34.903 59.395 80.619 95.261 87.814 57.411 28.746 14.002 8.579 8.951 13.894 20.089 24.036 26.385 27.561 24.543 17.312 11.769 2.436 -11.941 -15.699 -8.236 1.346 9.421 16.024 23.481 29.686 26.221 13.154 -4.307 -24.335 -46.568 -68.393 -84.831 -93.448 -94.257 -86.052 -70.246 -52.720 -34.787 -16.985 -1.608 10.676 22.338 35.181 38.982 26.594 16.266 14.197 13.858 13.502 13.781 12.136 0.924 -23.360 -48.904 -61.021 -60.181 -52.067 -41.555 -33.607 -29.318 -26.892 -25.265 -24.544 -25.091 -26.852 -29.435 -32.392 -35.587 -39.047 -43.270 -48.426 -50.784 -46.047 -37.307 -25.774 -11.289 0.888 10.394 19.557 27.531 30.963 37.802 59.562 84.417 96.781
72.573 55.199 24.242 -15.309 -58.279 -99.860 -135.853 -162.267 -172.186 -150.265 -93.779 -32.659 6.812 18.146 13.713 4.831 -3.792 -6.669 -3.596 1.690 6.813 10.042 8.993 4.520 1.173 0.148 -0.004 0.015 0.094 0.117 0.296 3.117 16.454 41.963 67.262 88.743 102.588 92.358 57.670 24.938 7.368 0.189 -0.033 6.407 17.669 28.912 36.452 40.375 37.620 25.180 12.820 0.783 -15.085 -22.548 -16.748 -6.457 2.496 9.685 16.971 22.263 18.305 5.348 -12.193 -32.713 -55.398 -77.473 -94.768 -105.358 -107.259 -97.812 -80.314 -61.883 -43.244 -23.954 -6.403 7.740 19.841 31.707 35.311 25.251 17.029 15.684 15.832 16.656 18.526 18.744 13.291 -1.635 -24.321 -45.909 -59.851 -62.335 -54.292 -45.814 -42.079 -40.481 -38.849 -37.466 -37.379 -38.642 -40.140 -40.155 -38.583 -35.763 -31.706 -29.273 -28.573 -22.339 -14.050 -8.585 -2.847 2.609 8.182 15.379 21.873 25.161 35.262 59.591 82.509 92.824
73.846 54.540 21.604 -18.617 -61.345 -102.584 -138.394 -164.497 -172.900 -147.521 -89.182 -30.727 6.194 16.685 11.356 1.047 -8.163 -9.614 -4.506 2.519 9.372 14.642 15.118 9.677 3.441 0.585 0.004 -0.025 0.101 0.195 0.481 3.884 18.481 45.430 73.038 96.747 109.115 95.159 56.260 19.634 -1.109 -10.445 -11.395 -3.805 11.504 29.812 43.584 50.577 50.793 39.727 25.247 12.908 -5.202 -22.524 -22.877 -12.740 -3.016 4.620 11.659 16.147 12.091 -0.031 -16.944 -37.848 -61.512 -85.072 -104.969 -118.014 -119.945 -108.910 -90.281 -70.421 -50.506 -29.892 -10.532 5.400 17.960 27.842 30.045 22.632 17.184 16.712 17.231 18.770 21.449 21.740 17.505 8.718 -4.745 -21.646 -39.248 -50.515 -49.174 -45.688 -47.769 -50.547 -50.486 -49.161 -48.505 -48.104 -45.948 -39.631 -29.451 -16.623 -2.088 8.909 8.546 3.441 0.814 -2.503 -4.716 -2.836 2.210 8.489 13.973 20.274 34.661 57.953 79.562 90.613
70.666 50.608 17.813 -21.183 -62.469 -102.556 -137.529 -162.279 -167.207 -140.029 -86.200 -31.540 4.511 14.260 7.129 -4.908 -13.297 -12.614 -5.518 3.457 12.346 19.915 22.807 17.359 7.281 1.376 0.034 -0.086 0.064 0.251 1.024 6.262 22.548 48.642 76.234 101.167 112.459 95.767 53.944 14.201 -10.551 -23.046 -25.053 -16.652 1.315 24.825 45.492 58.306 63.286 56.540 44.048 32.215 10.497 -16.958 -24.273 -15.388 -5.523 2.091 8.665 12.565 8.868 -2.093 -18.488 -40.646 -66.738 -92.840 -115.141 -129.278 -130.601 -118.837 -99.520 -78.009 -56.429 -34.440 -13.679 3.714 17.022 25.698 26.710 20.828 17.165 17.293 18.079 20.054 23.082 22.969 18.230 10.830 1.991 -8.205 -19.290 -25.168 -21.468 -23.299 -38.299 -51.869 -56.452 -57.100 -57.012 -54.194 -46.661 -33.635 -15.907 5.101 25.182 38.402 34.952 17.239 3.611 -4.386 -9.948 -9.589 -4.796 0.547 7.443 20.104 37.302 56.859 77.380 90.153
63.883 44.933 14.182 -22.381 -61.395 -99.660 -133.205 -155.405 -153.422 -121.829 -76.428 -30.967 2.236 10.859 1.059 -13.370 -20.037 -16.302 -6.905 4.337 15.713 25.831 30.856 24.934 10.958 2.123 0.056 -0.164 -0.012 0.285 1.864 9.989 28.529 51.971 76.896 101.483 112.363 94.868 52.042 9.406 -20.683 -37.335 -40.697 -31.656 -11.691 15.798 44.332 67.491 79.069 72.503 56.340 41.645 18.158 -12.299 -22.839 -15.390 -5.797 1.549 7.574 11.056 7.756 -2.775 -19.973 -43.983 -72.170 -100.033 -123.241 -137.012 -137.914 -126.616 -106.936 -83.759 -60.470 -37.279 -15.697 2.410 16.347 24.939 25.391 19.831 16.896 17.410 18.473 20.901 24.084 23.259 17.800 10.335 2.310 -5.682 -11.399 -6.593 9.482 11.153 -14.155 -41.717 -55.927 -62.443 -64.856 -60.271 -48.142 -30.285 -9.064 14.397 35.762 47.944 41.374 17.521 -1.064 -10.428 -16.819 -17.536 -14.188 -8.699 3.898 23.146 39.033 53.682 72.360 85.447
56.372 39.301 11.469 -21.941 -58.055 -93.956 -125.677 -145.359 -137.603 -103.226 -67.641 -32.934 -2.132 6.705 -4.676 -20.890 -26.528 -20.488 -8.997 4.664 19.201 32.360 39.058 31.859 14.098 2.743 0.074 -0.233 -0.088 0.307 2.362 11.948 31.290 52.558 75.281 99.171 110.297 95.040 53.457 5.361 -32.256 -53.178 -57.842 -48.235 -26.546 4.074 39.226 73.919 95.766 88.136 62.197 41.001 16.497 -13.536 -24.647 -17.792 -7.973 -0.292 5.550 8.591 5.242 -5.467 -23.571 -48.483 -77.037 -104.998 -127.875 -141.193 -142.410 -131.550 -111.064 -86.223 -61.650 -38.014 -16.381 1.601 15.436 24.006 24.060 18.179 15.816 17.006 18.439 21.085 24.069 22.662 16.834 9.298 1.288 -6.462 -10.574 -0.516 24.624 34.614 10.697 -24.861 -51.433 -67.469 -73.974 -70.006 -56.343 -35.781 -12.858 10.062 30.469 42.435 35.608 11.111 -8.645 -18.912 -26.684 -30.424 -29.570 -19.922 2.106 24.863 36.747 46.812 63.057 75.635
49.287 34.427 9.991 -19.770 -52.519 -85.657 -115.252 -132.938 -123.168 -90.452 -63.864 -37.991 -8.236 2.040 -9.742 -27.028 -32.546 -25.178 -11.883 4.336 22.746 39.602 48.063 39.295 17.500 3.479 0.157 -0.231 -0.120 0.321 2.443 11.836 30.377 50.252 71.737 94.839 106.571 95.900 57.279 1.542 -45.046 -69.979 -75.812 -65.717 -42.539 -9.575 29.649 72.244 104.804 101.054 68.093 39.777 12.404 -18.294 -29.389 -22.362 -12.017 -3.637 2.415 5.123 1.532 -9.362 -27.747 -52.617 -80.338 -107.158 -129.379 -142.891 -144.490 -133.135 -111.115 -84.289 -58.669 -35.798 -15.279 1.760 14.701 22.738 22.047 15.353 13.742 16.103 18.067 20.568 22.934 21.222 15.482 8.091 0.164 -7.431 -10.713 1.064 28.165 42.773 26.928 -6.574 -42.462 -71.152 -84.617 -83.381 -71.153 -51.037 -27.752 -4.826 15.729 29.298 24.928 2.783 -16.385 -28.925 -41.797 -50.395 -47.003 -26.063 4.491 25.154 31.448 36.589 49.444 62.297
43.050 30.613 9.890 -15.898 -44.990 -75.088 -102.038 -116.839 -106.330 -78.516 -59.725 -40.233 -12.636 -2.482 -14.924 -33.274 -39.029 -30.668 -15.446 3.927 26.729 47.609 58.179 48.471 22.935 5.335 0.525 -0.136 -0.120 0.287 2.307 11.002 28.146 46.595 66.799 88.692 100.135 91.760 54.488 -6.292 -58.705 -86.731 -93.756 -83.313 -58.897 -24.056 17.875 64.490 103.591 107.779 78.610 47.333 13.288 -21.820 -33.851 -26.497 -15.679 -6.807 -0.507 2.086 -1.557 -12.312 -30.307 -54.420 -80.960 -106.660 -128.545 -142.180 -143.388 -130.786 -106.824 -77.680 -51.136 -30.205 -12.143 3.050 14.348 20.974 19.132 11.996 11.126 14.521 17.037 19.038 20.514 18.947 13.814 6.802 -0.853 -7.603 -7.695 7.873 33.181 44.763 34.244 8.914 -29.462 -72.594 -97.918 -101.643 -91.513 -72.212 -48.604 -24.501 -1.689 14.925 14.295 -4.102 -23.095 -41.703 -62.691 -70.510 -54.395 -22.201 8.470 23.210 24.529 24.477 33.207 47.102
37.918 28.027 11.185 -10.475 -35.781 -62.606 -86.096 -96.640 -85.554 -64.543 -53.224 -38.910 -15.003 -6.744 -20.388 -40.023 -46.331 -37.633 -20.725 2.872 30.985 56.255 69.869 62.271 35.354 11.330 1.790 0.001 -0.145 0.201 2.059 9.942 25.465 42.238 60.840 81.068 91.242 82.447 44.882 -17.102 -71.342 -101.950 -110.667 -100.161 -74.790 -38.266 6.558 56.011 97.662 110.183 92.990 64.414 22.870 -20.523 -36.303 -29.439 -18.290 -9.121 -2.709 -0.138 -3.494 -13.422 -30.228 -53.064 -78.523 -103.697 -125.403 -138.642 -138.885 -124.708 -98.606 -67.463 -40.786 -22.372 -7.366 5.316 14.201 18.063 14.476 8.065 7.863 11.412 14.512 16.340 17.151 16.134 11.959 5.505 -1.712 -7.017 -1.789 20.298 43.438 48.145 38.589 20.149 -18.062 -72.870 -111.227 -122.184 -114.445 -94.829 -69.802 -43.684 -17.994 2.240 6.713 -7.991 -31.259 -59.223 -83.591 -81.002 -50.594 -15.704 9.177 19.037 17.696 14.250 19.405 32.460
34.017 26.711 13.781 -3.755 -25.261 -48.365 -66.898 -73.011 -64.224 -51.138 -46.327 -36.619 -16.813 -10.947 -26.016 -47.136 -54.327 -46.027 -27.854 0.837 35.175 65.222 82.765 80.282 54.406 21.295 3.909 0.167 -0.186 0.107 1.780 8.786 22.545 37.449 54.186 72.426 80.984 71.334 34.222 -26.376 -81.084 -114.750 -125.697 -115.408 -89.407 -51.482 -3.643 48.260 89.673 105.813 97.298 74.985 34.193 -13.989 -35.094 -30.381 -19.540 -10.379 -4.072 -1.468 -3.760 -11.376 -26.350 -48.899 -74.124 -98.616 -119.582 -132.130 -131.171 -114.963 -86.573 -54.111 -28.188 -12.586 -1.126 8.387 14.291 14.524 8.720 3.608 3.937 6.711 10.159 12.854 14.070 13.631 10.171 4.270 -2.455 -6.723 1.853 28.504 51.777 53.943 45.577 29.249 -9.599 -69.108 -118.375 -139.680 -136.539 -117.522 -91.224 -62.932 -34.400 -10.629 -1.341 -14.622 -43.980 -73.922 -89.615 -76.202 -42.956 -12.783 6.988 14.376 11.848 6.207 5.973 12.531
31.117 26.480 17.454 3.929 -13.749 -32.276 -44.224 -46.443 -43.006 -38.769 -39.738 -34.258 -18.492 -15.044 -31.619 -54.428 -62.846 -54.897 -34.847 -0.976 39.356 74.075 95.075 95.961 69.701 28.996 5.524 0.315 -0.170 0.053 1.506 7.599 19.530 32.462 47.166 63.219 70.125 60.407 26.726 -29.927 -86.827 -125.037 -138.198 -128.265 -101.996 -63.325 -14.037 38.497 78.754 95.259 89.966 72.800 38.241 -6.997 -29.823 -27.621 -18.286 -10.031 -4.339 -1.779 -2.434 -6.801 -19.846 -43.264 -68.761 -91.525 -109.926 -120.306 -117.497 -99.214 -69.650 -37.284 -12.443 0.434 7.146 12.267 15.011 12.463 5.066 0.303 0.609 2.445 5.230 8.568 11.020 11.425 8.522 3.150 -3.056 -6.589 4.245 35.811 63.140 65.153 54.514 34.419 -3.566 -58.287 -113.464 -148.080 -154.461 -140.802 -116.449 -87.512 -56.544 -29.216 -15.205 -24.952 -50.805 -68.803 -71.815 -57.654 -33.841 -11.910 4.213 10.200 6.956 -0.780 -8.593 -12.662
26.459 25.928 21.672 12.210 -1.212 -13.272 -18.230 -19.531 -22.189 -26.404 -33.260 -31.888 -19.983 -18.881 -36.999 -61.882 -72.764 -65.762 -42.340 -2.577 43.361 82.418 106.070 107.738 79.107 33.209 6.373 0.437 -0.092 0.043 1.247 6.420 16.529 27.485 40.097 53.874 59.186 50.146 22.343 -28.355 -88.477 -131.774 -147.142 -137.987 -111.804 -72.683 -23.309 27.593 65.926 82.143 78.314 63.430 33.355 -5.200 -24.217 -22.472 -15.025 -8.307 -3.579 -1.276 -1.010 -3.553 -15.149 -38.172 -62.628 -82.428 -95.806 -100.180 -92.428 -72.109 -44.441 -15.285 6.879 16.430 17.249 17.018 16.508 11.932 3.526 -1.470 -1.135 0.293 1.812 4.356 7.513 9.119 7.003 2.174 -3.476 -5.640 10.405 50.971 82.260 79.003 59.436 32.430 -4.534 -50.047 -100.892 -142.433 -158.775 -154.321 -135.992 -109.826 -77.631 -44.967 -20.081 -14.461 -26.078 -34.231 -38.944 -37.524 -26.774 -11.665 1.821 6.679 2.940 -5.939 -18.167 -28.532
11.696 20.914 25.285 20.883 12.864 9.141 9.853 4.779 -4.937 -15.742 -27.282 -29.445 -21.137 -22.292 -41.935 -69.202 -83.777 -78.649 -50.863 -4.440 46.875 89.890 115.770 117.476 86.170 36.155 6.947 0.518 -0.041 0.026 0.980 5.181 13.470 22.594 33.221 44.747 48.510 39.751 15.808 -30.278 -90.472 -135.348 -152.154 -144.134 -118.399 -79.069 -30.289 17.403 52.031 66.807 64.208 48.858 19.393 -11.327 -23.111 -19.678 -12.836 -6.848 -2.768 -0.796 -0.392 -2.438 -12.761 -33.618 -55.477 -71.850 -79.853 -76.091 -59.236 -33.466 -6.278 17.683 32.124 34.839 29.310 23.683 19.345 12.275 2.911 -2.047 -1.544 -0.263 0.405 1.703 4.508 6.953 5.677 1.334 -3.807 -4.004 18.921 67.115 96.263 84.903 57.365 25.201 -12.345 -52.432 -94.641 -131.130 -147.373 -145.404 -129.822 -106.218 -72.838 -32.865 5.431 25.825 21.868 9.873 -7.909 -22.423 -22.219 -11.521 -0.038 3.813 -0.256 -9.371 -22.418 -33.832
-12.567 10.297 27.376 31.159 31.804 35.488 34.896 21.252 4.252 -9.578 -22.552 -27.050 -21.919 -25.159 -46.281 -75.991 -93.726 -89.497 -57.916 -6.116 49.719 96.118 123.829 125.355 91.647 38.361 7.364 0.560 -0.022 0.005 0.647 3.598 9.911 17.581 26.507 35.836 38.289 29.501 7.196 -35.530 -92.596 -136.353 -153.697 -146.609 -121.751 -83.348 -36.444 7.637 37.909 50.423 48.993 31.613 0.623 -21.647 -25.162 -19.315 -12.038 -5.933 -2.154 -0.540 -0.236 -2.022 -10.968 -29.012 -47.675 -60.703 -64.496 -54.636 -29.834 4.340 37.947 61.169 68.022 62.429 48.790 34.380 23.080 12.269 2.442 -1.907 -1.367 -0.290 0.065 0.694 2.810 5.244 4.471 0.606 -3.961 -2.400 23.879 72.960 99.124 85.035 52.992 16.649 -22.481 -61.437 -98.711 -128.342 -138.467 -130.039 -107.986 -78.832 -41.077 3.767 45.651 63.510 52.688 32.899 8.785 -11.402 -16.986 -10.540 -1.395 1.582 -2.565 -11.619 -24.439 -35.289
-31.885 -2.995 27.704 47.192 61.131 67.367 56.717 32.662 10.326 -5.078 -18.663 -24.965 -22.468 -27.459 -50.240 -83.503 -104.452 -98.826 -63.191 -7.493 51.739 100.738 129.496 129.536 92.913 38.296 7.293 0.559 0.000 0.004 0.298 1.870 6.195 12.604 19.597 26.453 28.297 20.203 -0.132 -37.552 -88.783 -131.955 -150.877 -145.076 -121.552 -85.085 -41.372 -0.868 26.219 37.257 36.756 19.114 -11.350 -27.860 -26.421 -19.092 -11.431 -5.207 -1.631 -0.334 -0.169 -1.699 -9.246 -24.424 -39.857 -49.704 -50.121 -36.564 -7.578 31.999 71.671 98.765 106.155 96.583 73.879 46.887 25.703 10.656 1.414 -1.638 -1.065 -0.227 0.012 0.361 1.741 3.541 3.110 -0.006 -3.701 -0.735 25.220 70.514 96.073 84.314 49.088 8.410 -32.275 -70.838 -104.698 -129.737 -137.143 -123.971 -93.208 -53.670 -10.725 31.633 63.401 69.589 54.622 35.712 15.201 -1.437 -9.068 -7.896 -2.417 -0.299 -4.061 -12.659 -24.830 -34.869
-43.507 -16.225 29.868 71.961 95.926 95.073 72.166 41.401 16.480 -0.509 -15.236 -23.142 -22.753 -29.224 -54.104 -92.204 -116.640 -107.832 -67.443 -8.730 52.804 103.420 131.445 125.206 82.332 31.374 5.714 0.432 0.010 0.005 0.100 0.855 3.762 8.634 13.035 17.180 18.993 12.285 -5.307 -35.373 -78.454 -121.306 -143.237 -139.669 -117.972 -83.930 -44.097 -7.320 17.471 27.825 27.979 12.012 -15.629 -29.151 -26.098 -18.200 -10.315 -4.295 -1.162 -0.187 -0.119 -1.361 -7.449 -19.799 -32.281 -39.312 -36.869 -20.703 10.341 51.485 92.440 121.186 130.063 118.759 90.983 56.512 28.120 9.711 1.002 -1.115 -0.682 -0.144 -0.000 0.147 0.776 1.790 1.722 -0.468 -3.252 0.164 23.327 62.950 87.423 78.177 42.474 0.207 -40.856 -78.286 -107.645 -127.903 -135.354 -122.116 -88.775 -44.998 -0.786 36.307 56.107 53.872 43.378 31.829 16.972 5.450 -1.052 -3.690 -2.564 -1.720 -4.917 -12.697 -23.869 -33.023
-46.528 -21.216 36.719 96.133 120.935 109.657 79.687 46.943 21.260 3.168 -12.449 -21.501 -22.731 -30.690 -58.494 -100.907 -126.078 -113.698 -70.117 -9.747 52.960 104.200 129.933 113.491 61.750 18.710 2.876 0.199 0.005 0.001 0.043 0.514 2.598 6.040 8.402 10.607 12.079 6.228 -9.180 -33.469 -68.368 -107.766 -132.107 -131.758 -112.479 -81.261 -45.163 -11.833 10.906 20.682 21.282 7.295 -17.181 -28.653 -24.999 -16.817 -8.744 -3.135 -0.691 -0.088 -0.074 -0.918 -5.212 -14.654 -24.996 -30.143 -25.522 -7.489 24.613 65.767 105.731 133.016 140.241 127.052 98.464 62.951 30.983 10.102 1.398 -0.414 -0.281 -0.058 -0.002 0.036 0.249 0.779 0.866 -0.651 -2.618 0.128 17.424 49.352 73.209 67.264 33.842 -7.305 -47.678 -83.905 -110.110 -126.758 -132.748 -119.024 -87.414 -45.636 -3.255 30.366 44.810 40.203 34.121 27.689 16.242 7.803 3.578 0.475 -1.089 -1.972 -5.151 -12.144 -22.213 -30.454
-44.777 -20.975 40.342 106.498 130.151 114.095 82.341 49.605 23.845 5.257 -10.751 -20.390 -22.592 -31.825 -62.744 -108.198 -131.643 -116.143 -71.213 -10.355 52.681 103.995 128.196 105.742 49.017 11.001 1.157 0.058 0.001 0.000 0.030 0.401 2.051 4.667 6.105 7.432 8.396 2.745 -11.536 -32.751 -61.424 -95.863 -121.893 -124.950 -107.888 -78.921 -45.339 -14.280 7.028 16.354 17.194 4.543 -17.772 -27.947 -24.026 -15.798 -7.734 -2.441 -0.428 -0.039 -0.035 -0.484 -3.099 -10.233 -19.640 -24.131 -18.340 0.702 33.211 74.013 112.886 138.562 144.001 129.439 100.856 65.681 32.400 10.435 1.716 -0.020 -0.070 -0.013 -0.001 0.011 0.118 0.479 0.553 -0.617 -1.927 -0.159 10.601 35.176 60.135 58.430 27.622 -12.114 -51.704 -87.192 -112.236 -127.342 -131.644 -116.915 -86.732 -47.111 -6.484 25.429 38.706 34.486 30.039 25.221 15.200 7.977 5.004 2.728 0.577 -1.487 -5.020 -11.554 -20.832 -28.416

# Top 10 maximum values:
# Index_r, Index_theta, r_value, theta_value, z_value
46, 22, 9.300000, 1.178097, 129.495920
46, 23, 9.300000, 1.230457, 129.536171
48, 22, 9.700000, 1.178097, 129.932839
47, 72, 9.500000, 3.796091, 130.063347
49, 4, 9.900000, 0.235619, 130.151200
47, 22, 9.500000, 1.178097, 131.444675
48, 71, 9.700000, 3.743731, 133.016275
49, 71, 9.900000, 3.743731, 138.562017
48, 72, 9.700000, 3.796091, 140.240824
49, 72, 9.900000, 3.796091, 144.001266

# Analysis of potential symmetric artifacts:
# Found 12 local maxima
# Local maxima (r, theta, z_value, angle_degrees):
3.1000, 5.1051, 59.342844, 292.50°
4.3000, 2.9060, 78.193081, 166.50°
5.1000, 3.2201, 71.401459, 184.50°
5.5000, 0.0262, 95.877895, 1.50°
6.3000, 6.2570, 98.622925, 358.50°
7.3000, 1.9111, 112.363364, 109.50°
8.1000, 2.5918, 110.183303, 148.50°
9.1000, 4.8433, 99.124478, 277.50°
9.3000, 5.6287, 69.589095, 322.50°
9.5000, 1.1781, 131.444675, 67.50°
9.9000, 0.2356, 130.151200, 13.50°
9.9000, 3.7961, 144.001266, 217.50°

# Potential symmetric pairs (difference close to π):
# Pair 1 and 6: Angles 292.50° and 109.50°
# - Angular difference: 177.00° (π = 180°)
# - Radii: 3.10 and 7.30
# - Z values: 59.342844 and 112.363364

# Pair 2 and 4: Angles 166.50° and 1.50°
# - Angular difference: 165.00° (π = 180°)
# - Radii: 4.30 and 5.50
# - Z values: 78.193081 and 95.877895

# Pair 2 and 5: Angles 166.50° and 358.50°
# - Angular difference: 168.00° (π = 180°)
# - Radii: 4.30 and 6.30
# - Z values: 78.193081 and 98.622925

# Pair 3 and 4: Angles 184.50° and 1.50°
# - Angular difference: 177.00° (π = 180°)
# - Radii: 5.10 and 5.50
# - Z values: 71.401459 and 95.877895

# Pair 3 and 5: Angles 184.50° and 358.50°
# - Angular difference: 174.00° (π = 180°)
# - Radii: 5.10 and 6.30
# - Z values: 71.401459 and 98.622925

# Pair 3 and 11: Angles 184.50° and 13.50°
# - Angular difference: 171.00° (π = 180°)
# - Radii: 5.10 and 9.90
# - Z values: 71.401459 and 130.151200

# Pair 6 and 8: Angles 109.50° and 277.50°
# - Angular difference: 168.00° (π = 180°)
# - Radii: 7.30 and 9.10
# - Z values: 112.363364 and 99.124478

# Pair 7 and 9: Angles 148.50° and 322.50°
# - Angular difference: 174.00° (π = 180°)
# - Radii: 8.10 and 9.30
# - Z values: 110.183303 and 69.589095

