# Z-Grid Data for Iteration 8
# Shape: (50, 120)
# Min value: -350.4905663144189
# Max value: 488.6097336660131
# Average value: -15.911265114711602

# Radial edges (r_edges):
0.000
0.200
0.400
0.600
0.800
1.000
1.200
1.400
1.600
1.800
2.000
2.200
2.400
2.600
2.800
3.000
3.200
3.400
3.600
3.800
4.000
4.200
4.400
4.600
4.800
5.000
5.200
5.400
5.600
5.800
6.000
6.200
6.400
6.600
6.800
7.000
7.200
7.400
7.600
7.800
8.000
8.200
8.400
8.600
8.800
9.000
9.200
9.400
9.600
9.800
10.000

# Angular edges (theta_edges):
0.000
0.052
0.105
0.157
0.209
0.262
0.314
0.367
0.419
0.471
0.524
0.576
0.628
0.681
0.733
0.785
0.838
0.890
0.942
0.995
1.047
1.100
1.152
1.204
1.257
1.309
1.361
1.414
1.466
1.518
1.571
1.623
1.676
1.728
1.780
1.833
1.885
1.937
1.990
2.042
2.094
2.147
2.199
2.251
2.304
2.356
2.409
2.461
2.513
2.566
2.618
2.670
2.723
2.775
2.827
2.880
2.932
2.985
3.037
3.089
3.142
3.194
3.246
3.299
3.351
3.403
3.456
3.508
3.560
3.613
3.665
3.718
3.770
3.822
3.875
3.927
3.979
4.032
4.084
4.136
4.189
4.241
4.294
4.346
4.398
4.451
4.503
4.555
4.608
4.660
4.712
4.765
4.817
4.869
4.922
4.974
5.027
5.079
5.131
5.184
5.236
5.288
5.341
5.393
5.445
5.498
5.550
5.603
5.655
5.707
5.760
5.812
5.864
5.917
5.969
6.021
6.074
6.126
6.178
6.231
6.283

# Z-Grid matrix (rows = radii, columns = angles):
8.381 6.796 6.186 5.550 4.890 4.208 3.506 2.788 2.056 8.455 6.440 5.634 4.822 14.918 14.038 13.161 7.698 6.852 6.017 5.194 4.387 3.596 2.824 2.073 5.183 -0.095 -0.777 -1.432 -2.058 -2.654 -3.218 -3.750 -4.249 -4.714 -5.143 -5.537 -5.895 -6.216 -6.499 -6.746 -6.954 -7.124 -7.256 -7.351 -7.406 -7.424 -7.404 -7.346 -7.251 -7.119 -6.949 -6.744 -6.502 -1.636 -1.311 -0.950 -0.555 -0.127 0.334 0.827 -2.583 -2.048 3.151 3.760 4.396 5.058 5.744 6.453 7.184 3.863 5.447 6.211 6.991 7.784 8.588 2.127 2.903 3.684 4.471 6.535 7.325 8.114 9.812 10.589 11.358 12.114 12.857 13.583 14.290 14.976 15.637 17.508 18.114 18.689 19.231 19.738 20.207 12.993 5.519 5.854 6.151 6.408 6.625 6.799 6.932 7.021 7.067 7.069 7.027 6.941 5.718 5.548 5.336 5.083 12.505 12.130 11.716 11.263 9.454 8.934
23.761 21.770 27.539 24.296 21.937 19.527 17.077 14.597 12.098 8.342 5.841 2.384 -1.393 -8.663 -11.029 -9.762 -12.104 -14.391 -16.620 -18.783 -14.536 -14.224 -10.250 -12.348 -14.351 -7.790 -6.911 -8.730 -7.648 -9.263 -10.760 -9.362 -10.640 -6.075 -4.159 -5.103 -5.922 -6.617 -7.188 -7.639 -7.970 -8.184 -8.284 -8.270 -8.146 -7.914 -7.576 -7.134 -6.590 -5.946 -5.204 -4.366 -3.433 -2.406 5.004 6.275 7.641 5.628 3.709 -1.407 -6.819 -5.301 -3.699 -8.188 -9.629 -3.445 -1.619 -2.000 -2.587 -4.668 -2.730 -3.910 -1.883 0.219 2.393 4.637 8.173 2.800 5.100 7.455 11.212 13.662 16.145 18.654 21.180 23.712 26.242 19.865 13.012 15.255 17.464 19.628 21.734 23.771 25.726 27.588 29.345 30.985 32.499 33.876 35.108 36.186 37.102 37.852 38.430 38.832 39.055 39.099 38.963 38.649 38.159 37.497 36.666 35.674 34.525 33.229 31.792 30.223 28.533 26.730
46.581 42.630 37.542 32.363 36.000 31.483 26.945 22.404 17.881 8.772 6.866 -2.132 -7.641 -8.326 -12.445 -16.452 -20.339 -21.863 -25.545 -23.898 -25.036 -26.054 -28.671 -28.548 -23.704 -21.736 -22.123 -24.917 -24.935 -27.325 -29.493 -28.938 -29.067 -30.616 -27.930 -34.034 -30.977 -28.730 -26.846 -23.911 -20.980 -18.500 -16.559 -16.146 -4.168 -3.345 1.743 2.918 3.312 6.278 5.133 3.113 3.955 0.814 1.142 0.462 5.071 3.084 5.571 4.987 4.460 2.845 5.640 2.710 3.102 3.428 -8.549 -11.448 -14.388 -10.275 -9.921 -11.099 -12.254 -12.526 -9.387 -6.071 -1.242 2.445 7.650 11.699 15.914 21.239 17.088 21.525 26.084 10.651 4.306 8.440 12.642 16.884 21.141 25.382 29.576 33.692 37.698 41.561 45.249 48.732 51.978 54.961 57.655 60.037 62.086 63.786 65.123 66.089 66.677 66.885 66.715 66.171 75.541 74.070 71.070 68.933 66.484 63.746 60.743 57.500 54.041 50.393
67.457 61.109 53.671 46.179 39.681 40.751 33.941 27.208 16.030 5.146 2.449 -4.877 -8.788 -14.683 -20.389 -23.814 -24.306 -36.760 -38.961 -39.669 -40.220 -40.563 -40.651 -46.601 -48.622 -54.038 -58.033 -57.599 -56.986 -59.344 -55.032 -54.595 -54.628 -50.811 -46.942 -35.548 -35.135 -29.473 -27.895 -25.789 -21.273 -19.319 -17.185 -16.243 -12.286 -10.890 -5.786 -5.555 -3.484 -1.324 1.173 6.737 8.719 11.409 13.732 14.714 13.481 17.245 18.263 21.687 19.798 27.290 23.836 14.602 6.753 2.040 -4.282 -0.418 -4.820 -9.908 -17.610 -17.466 -24.781 -25.398 -21.666 -21.195 -25.167 -18.145 -11.941 -6.921 -1.539 -5.334 0.419 6.515 1.714 -3.776 2.489 -29.344 -37.172 -31.443 -25.500 -19.390 -13.170 -6.898 -0.634 5.559 11.617 17.477 23.078 43.606 48.461 52.857 56.752 88.695 91.124 92.904 94.024 94.483 106.992 105.854 104.079 101.696 98.743 95.261 91.295 86.894 90.948 85.459 79.680 73.663
102.731 109.323 98.001 86.769 76.229 65.910 62.306 52.120 34.370 28.682 9.285 3.164 -5.946 -11.667 -21.178 -27.698 -32.763 -35.680 -44.708 -51.682 -55.908 -68.770 -82.105 -86.753 -83.082 -84.103 -72.839 -70.842 -67.499 -62.302 -60.486 -61.258 -58.646 -54.676 -49.021 -46.558 -44.808 -43.867 -41.273 -40.893 -38.923 -37.950 -36.688 -33.109 -30.944 -29.118 -27.050 -24.749 -22.561 -21.695 -19.114 -16.943 -13.968 -10.437 -4.502 -3.100 -5.125 1.920 2.376 2.693 10.413 15.527 23.282 19.628 13.904 19.342 15.949 8.629 -4.221 -12.455 -2.684 -17.024 -36.655 -48.326 -48.275 -44.580 -51.296 -54.345 -57.616 -63.451 -58.932 -53.776 -47.971 -54.481 -61.761 -55.156 -47.917 -40.082 -47.881 -39.534 -30.744 -21.595 -12.178 -2.598 7.039 10.377 19.689 30.171 38.792 46.918 58.306 65.105 71.135 76.333 74.397 77.866 80.416 88.019 103.875 103.106 101.443 109.975 142.952 137.075 141.770 139.524 131.400 122.649 112.670 112.600
126.738 112.997 106.078 92.361 79.062 66.229 60.111 43.946 28.577 20.944 12.677 1.613 -12.416 -16.226 -33.667 -46.239 -55.273 -64.274 -70.969 -76.325 -81.900 -85.320 -90.386 -93.570 -92.805 -81.705 -88.727 -80.199 -81.654 -79.581 -78.836 -75.555 -77.119 -72.644 -71.117 -68.980 -68.705 -67.445 -67.417 -66.346 -67.016 -65.950 -62.748 -61.098 -59.161 -56.957 -54.503 -53.297 -50.410 -47.317 -45.543 -42.084 -38.868 -35.058 -31.084 -28.150 -25.080 -21.973 -15.065 -14.379 -8.457 -9.459 -11.593 -1.584 0.448 3.758 13.338 8.367 9.187 3.774 -6.908 -21.931 -41.369 -59.102 -87.230 -99.057 -97.526 -96.369 -91.043 -87.277 -82.623 -77.027 -83.768 -91.248 -84.117 -75.935 -66.722 -56.520 -45.390 -52.147 -40.095 -33.776 -20.763 -5.631 12.405 20.369 33.556 46.385 62.980 74.503 85.132 92.071 100.435 107.546 113.326 117.725 120.719 153.147 152.354 150.176 146.702 145.229 136.524 143.396 135.205 138.348 144.709 163.048 148.875 140.187
131.820 119.382 102.022 93.261 77.438 62.402 44.190 32.752 23.135 10.804 1.222 -13.904 -20.220 -36.031 -49.483 -59.678 -72.250 -77.846 -85.127 -90.929 -97.826 -103.183 -105.548 -106.838 -104.318 -103.943 -98.561 -95.435 -100.631 -100.004 -101.260 -101.529 -95.427 -92.141 -92.937 -93.368 -95.568 -95.084 -94.912 -94.292 -93.246 -93.467 -91.336 -89.327 -86.996 -84.371 -81.478 -78.343 -74.989 -71.438 -67.709 -63.821 -59.788 -56.976 -52.671 -44.872 -40.786 -36.163 -32.547 -28.802 -25.887 -21.299 -23.276 -19.348 -15.192 -20.058 -17.461 -8.627 -11.177 -14.834 -30.632 -26.233 -61.881 -102.894 -101.728 -113.576 -121.238 -120.149 -116.495 -113.431 -109.197 -116.860 -110.891 -118.743 -110.781 -101.292 -90.277 -77.769 -63.837 -75.637 -60.343 -35.468 -25.248 -7.641 15.219 33.343 48.824 66.147 82.746 98.350 110.244 123.087 134.281 143.669 151.137 192.735 195.084 195.311 193.492 189.745 186.864 179.640 171.015 161.210 150.450 163.752 166.840 148.454 153.345 150.111
115.892 116.116 100.408 82.299 65.033 54.636 31.434 17.353 11.864 1.559 -16.259 -22.803 -44.461 -58.368 -72.822 -75.835 -82.809 -97.892 -105.044 -112.164 -116.222 -121.806 -137.322 -139.440 -134.866 -129.647 -123.749 -122.737 -122.442 -129.086 -126.981 -124.787 -118.486 -122.688 -121.853 -121.084 -121.646 -119.235 -119.559 -113.695 -112.050 -109.974 -105.031 -104.359 -101.396 -98.178 -97.400 -95.384 -91.556 -89.137 -82.562 -78.426 -74.181 -71.005 -66.529 -63.358 -58.667 -53.899 -50.859 -45.886 -42.514 -39.519 -41.549 -37.424 -40.708 -31.281 -31.906 -27.101 -29.186 -30.931 -44.293 -57.189 -67.465 -91.692 -137.653 -131.227 -144.259 -142.422 -139.061 -137.918 -137.140 -145.863 -155.170 -148.850 -140.540 -130.163 -117.684 -103.116 -93.118 -95.167 -75.867 -50.543 -29.022 -8.535 14.401 35.361 58.357 71.661 93.109 113.316 131.918 148.587 163.040 175.051 225.186 230.656 233.211 232.908 229.871 224.286 216.388 206.455 194.795 188.685 201.623 186.785 168.825 150.745 143.086 125.053
104.033 89.239 87.467 71.106 52.665 31.629 17.693 8.117 -4.270 -23.116 -41.389 -57.320 -67.709 -75.975 -79.246 -91.092 -107.209 -114.318 -127.813 -134.287 -143.409 -153.619 -163.235 -167.919 -160.954 -157.635 -153.463 -149.355 -145.916 -144.558 -148.549 -142.311 -136.434 -133.921 -133.254 -133.464 -130.714 -128.951 -117.254 -114.110 -110.541 -106.637 -93.780 -95.046 -93.579 -90.209 -91.085 -90.299 -80.928 -85.062 -85.096 -81.162 -84.703 -83.724 -80.579 -77.522 -74.230 -70.172 -65.148 -61.426 -56.747 -55.379 -54.100 -55.798 -59.646 -54.167 -57.512 -61.652 -53.737 -52.666 -53.514 -53.591 -67.997 -82.551 -120.896 -161.758 -170.822 -185.647 -175.543 -173.441 -174.448 -171.850 -182.021 -179.898 -171.811 -161.088 -147.639 -137.773 -112.432 -118.571 -91.169 -73.950 -42.616 -17.398 1.661 30.073 58.571 86.614 113.651 139.146 162.588 183.518 201.539 262.117 272.195 278.437 280.833 279.475 274.555 266.348 255.207 241.539 218.729 232.902 212.373 191.134 175.729 156.018 134.445 122.265
87.108 74.036 52.452 42.540 39.220 14.131 -8.388 -14.467 -29.756 -47.048 -66.387 -77.310 -91.701 -95.041 -99.608 -107.832 -115.226 -128.888 -137.137 -153.738 -171.602 -184.071 -195.368 -189.934 -174.206 -170.390 -164.254 -161.652 -156.927 -159.899 -166.975 -158.827 -161.434 -162.746 -151.927 -150.731 -145.573 -135.990 -134.389 -129.621 -124.374 -118.785 -99.166 -86.201 -70.715 -58.767 -46.361 -47.391 -57.113 -49.983 -55.229 -62.017 -71.998 -76.380 -79.415 -79.350 -75.420 -77.533 -77.270 -73.606 -69.755 -69.267 -68.364 -65.286 -72.500 -84.031 -86.597 -87.880 -85.074 -75.359 -64.744 -68.008 -78.127 -90.666 -116.549 -146.428 -183.581 -194.021 -210.063 -216.512 -210.255 -212.622 -210.790 -206.262 -202.771 -192.322 -178.513 -165.558 -137.914 -139.080 -120.796 -87.418 -67.856 -36.252 -3.062 31.108 65.595 99.693 132.681 163.841 205.778 239.609 316.817 339.091 349.971 355.857 347.452 343.890 324.931 303.909 289.160 271.384 246.109 256.634 230.987 204.771 178.561 152.860 133.167 109.727
74.782 51.988 38.764 21.127 -0.648 -9.264 -20.801 -42.726 -64.149 -75.985 -86.139 -92.815 -97.282 -108.243 -115.860 -128.853 -136.364 -145.390 -152.792 -176.071 -189.249 -219.781 -233.649 -217.309 -186.346 -178.825 -162.940 -158.237 -156.684 -146.335 -140.208 -140.899 -136.406 -131.514 -126.844 -120.807 -102.062 -93.180 -83.509 -73.330 -62.948 -60.599 -53.050 -58.169 -58.418 -39.045 -14.890 1.824 23.195 12.300 -8.180 -31.265 -22.475 -33.048 -42.034 -61.668 -72.731 -74.776 -78.325 -75.614 -77.337 -75.838 -75.802 -77.179 -91.426 -99.727 -109.064 -104.152 -105.102 -96.779 -90.145 -78.454 -91.906 -100.861 -111.127 -135.815 -174.001 -204.436 -224.471 -250.748 -262.575 -271.071 -248.690 -233.564 -227.461 -221.979 -211.994 -189.677 -189.199 -165.641 -139.021 -118.181 -84.830 -48.674 -10.332 29.471 83.836 124.180 188.982 225.731 259.325 288.965 353.583 372.355 385.225 392.000 392.683 387.470 376.741 361.034 341.019 317.461 274.484 279.814 248.521 213.215 182.260 152.304 123.849 100.504
60.740 25.420 4.077 -6.222 -35.760 -43.097 -48.698 -81.735 -87.245 -93.294 -101.216 -105.321 -115.559 -121.219 -127.030 -138.980 -146.943 -166.991 -181.155 -202.833 -205.409 -196.923 -183.734 -167.734 -144.298 -142.544 -146.720 -139.240 -140.671 -144.859 -139.270 -140.311 -135.892 -129.758 -112.189 -113.406 -103.600 -92.452 -80.292 -67.508 -54.520 -41.763 -29.654 -11.625 13.207 4.177 9.741 13.423 -5.366 -2.510 30.814 35.107 28.467 14.976 15.993 -12.960 -31.006 -47.439 -66.740 -74.076 -79.076 -79.142 -79.325 -84.341 -101.246 -111.889 -123.548 -121.693 -124.248 -112.672 -108.163 -100.155 -104.446 -112.708 -123.252 -142.314 -145.159 -199.361 -223.535 -258.550 -277.311 -288.160 -293.943 -296.648 -252.192 -243.887 -238.857 -216.904 -215.830 -191.717 -171.916 -139.494 -102.973 -62.887 -6.133 47.937 112.038 158.362 203.357 254.013 292.959 331.153 408.364 429.217 449.774 455.972 454.857 468.125 452.008 414.089 369.299 340.813 343.897 307.140 259.978 219.808 183.995 146.707 114.892 84.458
30.649 7.736 -21.555 -47.442 -52.752 -77.152 -97.561 -101.066 -109.893 -116.492 -115.469 -118.273 -126.444 -131.138 -146.696 -155.866 -163.945 -163.069 -151.727 -125.663 -100.077 -73.527 -13.311 -60.519 -126.138 -128.272 -133.516 -139.486 -144.603 -142.523 -142.033 -141.512 -123.065 -114.970 -115.457 -104.310 -91.091 -76.158 -74.730 -58.917 -42.902 -27.273 -12.596 8.935 38.320 46.995 52.933 36.079 36.783 35.253 31.802 39.373 22.923 6.902 25.007 22.043 9.255 0.274 -21.991 -40.287 -61.582 -76.464 -84.609 -91.231 -106.318 -110.452 -125.080 -124.752 -126.559 -123.077 -119.327 -112.191 -118.019 -120.960 -140.374 -135.662 -156.985 -178.347 -222.719 -278.117 -304.644 -313.171 -325.926 -333.387 -337.261 -304.865 -287.581 -268.751 -269.423 -247.168 -227.290 -195.645 -159.023 -64.718 -0.275 58.935 130.923 175.249 215.796 293.122 349.563 382.882 488.610 476.513 395.450 419.297 417.219 397.804 407.050 434.681 408.632 368.838 361.982 328.857 271.315 228.879 177.218 139.408 100.554 53.704
-2.064 -20.971 -40.100 -75.354 -91.532 -113.520 -124.377 -132.536 -127.610 -128.420 -131.160 -138.031 -142.333 -149.851 -155.291 -150.897 -123.071 -93.852 -54.597 -23.343 -23.102 -18.193 11.376 19.483 -115.489 -130.174 -139.616 -146.895 -149.771 -153.953 -147.859 -137.105 -126.982 -117.677 -105.945 -91.271 -73.965 -70.091 -50.301 -47.617 -28.164 -9.280 8.286 33.667 68.033 77.678 83.705 86.083 61.761 58.053 51.938 43.949 34.662 37.471 16.348 2.894 -0.270 0.040 -6.152 -24.018 -32.752 -52.430 -67.339 -86.015 -106.790 -113.000 -112.849 -110.863 -114.996 -116.623 -117.583 -112.257 -132.210 -141.207 -138.533 -144.938 -166.286 -192.267 -223.308 -269.721 -296.995 -315.248 -330.121 -340.152 -334.019 -335.046 -320.950 -286.055 -271.558 -255.484 -228.272 -195.098 -143.222 -81.420 -35.384 15.592 76.353 258.316 291.364 337.306 352.554 336.072 331.528 360.465 361.333 367.859 372.326 381.934 352.045 322.030 324.798 337.412 345.656 333.849 272.204 225.797 181.882 125.029 73.024 36.069
-21.182 -52.035 -77.813 -99.680 -128.536 -149.007 -147.250 -150.001 -154.719 -150.977 -153.205 -149.520 -155.799 -150.485 -123.782 -96.526 -63.120 -37.158 -32.059 -30.289 -5.813 1.977 10.481 50.542 -108.371 -137.322 -145.437 -150.198 -154.008 -157.713 -139.680 -147.366 -131.235 -120.624 -106.863 -89.461 -68.778 -45.385 -38.006 -13.274 -9.829 11.861 32.611 76.200 101.829 112.439 118.403 119.714 116.625 83.384 74.072 62.538 49.547 30.342 17.347 -0.753 -14.954 -25.470 -28.487 -18.541 -26.400 -41.733 -55.177 -55.480 -66.409 -97.984 -109.585 -115.548 -116.859 -115.435 -120.783 -120.496 -136.532 -157.075 -147.787 -144.852 -151.997 -168.935 -209.629 -249.106 -279.398 -312.230 -315.065 -328.449 -336.327 -339.994 -339.248 -350.491 -288.913 -269.346 -243.402 -198.957 -151.332 -82.159 -24.670 131.054 238.302 216.661 206.619 217.029 230.741 256.057 301.820 314.299 342.450 347.523 354.789 336.000 328.815 319.237 295.162 274.506 268.475 264.408 257.358 216.513 144.326 107.111 51.667 7.539
-52.727 -70.437 -104.444 -143.723 -158.057 -164.341 -176.105 -177.689 -175.892 -174.430 -172.490 -180.557 -138.769 -115.356 -74.742 -52.530 -48.193 -42.735 -21.480 -8.683 -0.233 9.172 30.267 48.490 -102.255 -136.837 -146.628 -151.784 -156.550 -161.110 -149.304 -153.175 -135.054 -123.146 -107.311 -87.068 -62.816 -35.232 -5.252 4.350 33.673 36.134 60.208 109.611 138.802 150.363 156.122 156.099 150.653 110.563 97.588 82.039 64.897 34.782 8.728 -27.885 -28.870 -36.457 -50.887 -44.470 -61.576 -49.699 -45.604 -46.815 -50.178 -54.488 -73.531 -102.819 -110.703 -113.588 -114.714 -120.445 -136.266 -150.558 -152.440 -149.350 -162.171 -164.889 -183.563 -227.293 -258.940 -277.831 -303.732 -318.462 -330.668 -336.879 -338.523 -347.651 -343.631 -277.286 -253.448 -222.152 -168.695 -48.195 36.097 172.990 141.404 110.459 143.186 170.695 223.493 267.244 316.662 333.908 346.654 352.966 350.813 341.464 333.006 310.536 286.841 264.519 220.823 211.579 211.339 167.917 131.127 77.202 27.212 -12.085
-81.715 -114.186 -138.639 -159.701 -179.652 -196.166 -196.950 -196.796 -196.651 -215.023 -200.609 -142.061 -110.013 -68.070 -65.256 -60.901 -46.715 -36.502 -13.511 -14.460 -5.282 13.460 51.455 86.693 -7.536 -120.364 -145.817 -153.301 -159.175 -152.973 -167.731 -158.067 -144.965 -125.430 -107.560 -84.465 -56.577 -24.671 10.152 46.512 57.021 89.617 88.886 144.547 163.844 190.155 195.587 194.014 185.918 172.140 121.677 101.770 80.162 31.597 3.167 -11.828 -46.662 -64.406 -61.833 -79.528 -86.461 -63.150 -63.185 -52.892 -43.684 -39.332 -44.425 -58.116 -82.095 -101.407 -110.790 -118.768 -134.997 -147.232 -148.778 -152.568 -163.636 -170.829 -180.847 -189.686 -221.731 -253.973 -285.182 -303.935 -317.713 -326.211 -345.385 -340.989 -339.189 -336.383 -257.523 -222.260 -116.873 -44.980 60.140 65.915 44.922 92.666 140.551 180.335 235.703 267.546 310.387 326.666 345.134 350.905 348.732 338.882 321.992 302.656 267.657 248.191 214.422 191.896 157.093 132.652 103.952 52.373 1.631 -37.766
-106.545 -127.754 -171.088 -196.697 -202.375 -203.948 -207.348 -222.751 -247.730 -240.498 -204.638 -112.726 -83.623 -78.883 -66.066 -58.889 -51.891 -35.885 -20.667 -20.592 -4.314 17.521 59.556 79.150 99.834 -120.496 -137.873 -146.207 -161.303 -156.260 -171.864 -169.334 -151.342 -127.967 -107.918 -82.082 -50.637 -14.445 25.232 66.786 108.351 117.580 117.954 179.922 200.891 230.191 235.211 231.946 221.015 203.470 145.381 120.938 77.809 26.444 1.333 -20.141 -64.573 -88.887 -113.885 -104.161 -89.111 -86.438 -83.269 -51.211 -54.437 -39.275 -35.931 -35.905 -51.081 -60.225 -87.243 -111.007 -133.335 -138.227 -141.931 -149.548 -157.004 -160.058 -169.981 -174.750 -190.873 -221.283 -251.991 -274.778 -296.926 -308.974 -326.604 -332.214 -333.754 -327.345 -304.381 -218.745 -90.265 0.532 -0.514 6.411 31.764 86.795 141.488 189.172 218.182 255.031 305.918 327.826 340.574 345.361 345.897 335.491 313.674 292.199 260.274 224.644 188.937 162.268 128.930 102.086 82.400 25.682 -29.812 -77.765
-125.364 -180.922 -198.945 -209.568 -213.349 -222.659 -243.855 -261.853 -263.451 -227.926 -137.433 -98.060 -96.076 -81.806 -74.177 -67.714 -59.668 -37.040 -27.713 -22.161 -3.604 21.772 50.429 69.531 60.367 -96.399 -136.951 -147.484 -154.211 -156.985 -175.769 -173.541 -163.237 -136.849 -108.698 -80.356 -45.595 -5.344 38.993 85.586 132.286 144.189 175.903 207.529 240.572 271.940 279.630 274.511 260.554 239.044 175.092 145.832 76.646 25.976 -1.478 -44.507 -103.245 -118.206 -137.711 -131.458 -101.069 -89.363 -85.504 -78.891 -42.743 -37.700 -28.034 -29.052 -33.462 -42.470 -50.657 -74.111 -112.010 -129.627 -132.481 -138.806 -157.219 -155.409 -152.458 -161.722 -173.411 -187.281 -214.577 -250.471 -267.732 -296.850 -310.911 -319.309 -316.107 -312.369 -293.897 -218.787 -76.309 -36.658 -37.443 -17.969 25.133 83.270 131.561 171.307 212.030 244.115 288.371 312.044 335.630 343.718 341.185 330.231 311.599 286.421 262.186 220.081 176.501 142.965 95.399 79.914 42.410 7.810 -47.731 -86.937
-168.529 -197.618 -207.469 -222.174 -239.618 -258.639 -273.592 -279.743 -247.413 -166.619 -160.160 -112.612 -91.954 -90.317 -83.166 -75.758 -66.794 -44.057 -30.836 -23.751 -2.629 12.904 40.133 58.220 50.264 -28.629 -135.881 -149.090 -146.315 -149.359 -179.618 -177.773 -168.370 -140.537 -116.877 -79.690 -42.013 1.877 46.461 96.943 142.301 156.689 196.857 234.981 262.974 277.449 298.969 307.394 290.652 265.492 195.043 150.747 81.576 18.293 -24.791 -77.038 -112.590 -138.921 -142.757 -118.261 -112.400 -105.058 -83.597 -75.274 -65.933 -58.341 -14.135 -30.426 -19.202 -29.929 -32.049 -40.147 -49.858 -95.506 -119.754 -136.907 -137.442 -142.154 -143.213 -146.360 -155.212 -168.475 -196.770 -215.350 -235.540 -271.671 -284.123 -298.047 -296.405 -292.571 -278.552 -187.261 -87.156 -72.054 -72.204 -37.906 12.413 74.012 114.939 153.198 191.461 224.316 256.653 301.702 316.845 323.468 321.302 310.617 301.603 275.544 236.637 196.227 159.932 118.604 86.078 58.376 18.808 -8.662 -52.025 -119.702
-185.398 -201.688 -218.963 -247.068 -267.219 -284.861 -288.552 -257.065 -174.790 -178.366 -141.478 -101.009 -101.216 -99.856 -93.299 -82.686 -65.603 -47.894 -42.341 -24.753 -10.903 3.611 29.069 45.662 38.536 53.593 -133.182 -151.131 -149.844 -166.279 -171.297 -181.633 -172.817 -153.520 -119.319 -79.417 -40.349 3.289 50.718 104.384 158.493 222.286 236.378 238.369 304.007 319.421 327.194 322.390 303.623 290.278 215.129 104.817 56.796 21.452 -44.825 -77.303 -133.050 -150.375 -144.959 -119.426 -112.656 -102.863 -98.302 -65.661 -58.884 -48.608 -44.186 -5.069 -11.509 -19.544 -16.961 -17.350 -25.190 -46.354 -75.269 -112.876 -133.259 -129.851 -123.965 -127.154 -137.994 -146.358 -172.904 -179.340 -201.281 -220.779 -241.914 -251.178 -250.308 -260.574 -227.810 -173.451 -100.146 -109.209 -73.244 -40.265 8.319 56.941 93.626 131.359 171.244 209.689 238.270 276.086 291.443 298.392 296.615 297.155 278.168 243.361 205.687 173.949 140.683 97.472 64.339 20.409 2.208 -33.040 -69.754 -153.108
-190.705 -226.261 -254.378 -263.110 -285.706 -291.948 -277.669 -210.502 -183.385 -147.222 -149.178 -127.356 -110.707 -107.105 -100.842 -89.369 -63.183 -50.771 -44.195 -31.770 -18.964 -5.792 17.642 13.031 25.622 38.983 -109.863 -154.102 -153.894 -170.935 -173.964 -186.350 -177.647 -159.412 -122.801 -89.797 -41.962 3.798 55.288 122.422 180.813 239.501 256.335 256.030 327.967 344.026 347.415 356.375 290.353 261.453 196.562 106.776 65.655 -7.169 -59.797 -96.115 -142.867 -150.308 -126.719 -117.627 -106.976 -99.704 -95.424 -84.608 -61.710 -37.758 -32.572 -33.495 -11.072 -6.424 -10.659 -6.596 -13.477 -20.895 -39.395 -48.188 -102.088 -114.581 -114.817 -114.548 -113.164 -119.925 -130.256 -147.961 -164.588 -170.708 -191.293 -207.334 -215.776 -229.430 -199.692 -144.214 -121.450 -114.976 -85.690 -38.262 4.205 39.369 74.926 111.232 155.194 187.153 208.973 247.122 262.391 269.492 280.343 257.841 240.250 206.635 179.542 149.628 110.539 69.411 41.546 4.189 -20.701 -39.490 -75.434 -151.487
-196.055 -238.465 -264.299 -290.482 -309.746 -276.636 -232.317 -182.211 -144.019 -124.326 -112.802 -115.074 -107.834 -113.140 -106.265 -94.459 -64.572 -52.050 -49.564 -38.111 -26.593 -15.027 6.228 1.396 11.992 23.339 -39.164 -157.044 -158.268 -176.014 -178.526 -191.292 -182.805 -164.637 -135.512 -95.120 -47.036 2.635 67.717 124.979 188.508 249.570 265.695 270.837 340.466 357.094 327.219 336.522 314.859 283.519 191.237 101.388 68.139 -24.891 -78.872 -114.599 -140.641 -142.555 -122.821 -109.375 -101.056 -93.248 -84.819 -71.873 -61.770 -34.533 -19.675 -23.169 -27.758 -31.469 19.301 4.665 -14.937 -9.878 -20.721 -24.936 -37.708 -80.463 -101.461 -99.986 -93.479 -97.104 -106.829 -126.331 -140.777 -153.519 -168.633 -177.547 -186.701 -190.056 -169.505 -118.761 -110.345 -127.379 -88.908 -51.555 -2.500 20.912 54.756 89.579 127.752 157.709 177.738 200.348 232.357 253.058 237.563 214.911 199.023 179.983 154.392 103.598 70.119 48.129 18.826 -18.325 -29.042 -49.160 -88.263 -145.775
-198.372 -226.601 -280.617 -302.018 -309.687 -276.741 -205.107 -110.345 -119.800 -127.014 -115.808 -118.013 -117.125 -101.863 -92.979 -85.394 -58.338 -64.267 -53.935 -43.660 -33.629 -23.861 -4.835 -10.276 -1.873 7.247 17.474 -148.801 -174.068 -181.587 -184.598 -185.154 -187.588 -170.263 -143.430 -101.211 -60.177 6.434 63.922 125.589 189.610 249.506 270.595 273.711 311.709 328.040 331.157 322.290 317.634 285.238 194.490 102.551 40.858 -39.853 -97.749 -110.970 -135.606 -132.183 -112.474 -101.423 -92.265 -83.537 -65.933 -55.131 -40.083 -32.764 -17.589 -10.890 -18.555 -21.999 -31.750 -5.477 -8.504 -2.572 -7.292 -5.906 -17.022 -28.060 -57.984 -76.423 -78.348 -83.186 -91.831 -109.407 -125.206 -128.833 -140.132 -155.307 -160.990 -160.325 -129.956 -105.437 -109.830 -118.279 -91.748 -55.080 -21.187 6.931 35.304 71.882 100.443 127.948 147.330 166.957 216.195 207.586 194.181 185.223 170.011 149.880 87.654 67.229 48.015 15.702 -4.043 -25.104 -41.661 -61.655 -93.169 -146.857
-195.873 -226.481 -278.578 -298.238 -277.627 -166.469 -112.785 -123.966 -133.768 -141.223 -115.727 -118.100 -117.286 -102.589 -81.330 -69.414 -46.904 -65.285 -57.291 -48.370 -39.969 -32.114 -15.268 -21.635 -15.505 -8.708 -0.710 -97.038 -180.967 -187.511 -190.639 -187.943 -192.932 -175.947 -114.476 -80.380 -25.969 37.066 86.290 120.308 185.749 223.440 235.644 236.733 306.865 323.552 326.847 317.971 312.870 280.273 190.865 81.051 7.318 -65.147 -93.302 -100.830 -127.955 -123.415 -99.278 -90.504 -80.221 -64.035 -43.890 -30.573 -16.295 -10.029 -14.928 -22.561 -19.120 -14.667 -27.631 -45.831 -39.851 -3.525 3.626 4.233 9.598 -11.888 -23.503 -32.674 -53.814 -71.592 -78.196 -89.670 -107.236 -117.925 -126.611 -134.535 -147.490 -146.003 -123.713 -83.788 -105.020 -107.955 -85.729 -58.322 -35.017 -11.268 19.014 48.874 74.114 100.404 117.525 135.487 179.399 172.135 169.905 160.682 127.321 77.022 61.664 26.844 9.707 -4.834 -18.768 -34.389 -51.280 -64.118 -91.752 -144.113
-185.257 -239.185 -259.748 -261.860 -184.026 -94.527 -106.423 -118.160 -128.673 -136.837 -123.619 -126.201 -125.312 -84.780 -62.615 -56.049 -55.795 -61.546 -58.134 -52.248 -45.562 -39.652 -24.848 -32.363 -28.474 -23.973 -18.191 -10.518 -199.414 -193.790 -196.270 -191.257 -171.561 -153.056 -124.444 -79.416 -43.048 16.662 69.979 137.892 168.326 209.780 227.051 225.419 253.385 311.024 314.617 306.100 284.907 268.966 169.289 89.111 -16.624 -72.560 -83.999 -93.754 -113.896 -112.200 -81.519 -76.991 -64.223 -33.353 -12.241 4.735 14.903 13.191 1.635 -11.221 -29.686 -25.916 -32.984 -45.692 -59.943 -45.956 -9.458 9.497 52.450 23.607 -1.381 -23.990 -28.860 -43.886 -56.421 -79.029 -93.484 -109.374 -117.307 -123.713 -131.942 -139.412 -122.409 -85.217 -92.791 -95.086 -84.585 -61.659 -43.822 -26.120 -3.403 27.721 50.927 74.616 87.212 114.480 111.747 138.331 135.631 60.104 51.224 46.575 4.083 -3.666 -14.970 -22.407 -26.732 -44.290 -56.535 -64.653 -88.997 -133.435
-187.210 -226.282 -234.675 -205.735 -72.477 -83.746 -96.176 -108.763 -120.250 -129.349 -117.785 -121.011 -112.480 -99.368 -56.371 -50.434 -44.971 -47.188 -56.984 -55.338 -50.393 -46.380 -33.404 -42.182 -40.392 -38.053 -34.367 -56.220 -155.388 -200.337 -199.686 -175.570 -174.682 -158.605 -132.482 -101.092 -62.580 -10.852 44.833 141.983 210.307 258.699 244.941 252.317 239.467 291.308 295.280 287.449 267.351 239.314 157.902 45.953 -50.020 -67.430 -77.327 -85.317 -102.530 -99.010 -68.030 -50.539 -17.023 2.162 19.029 39.188 43.541 38.183 23.194 0.612 -22.862 -44.165 -51.577 -55.878 -62.492 -65.125 -43.137 -22.193 35.714 43.363 22.491 -3.819 -16.040 -26.664 -27.076 -53.922 -78.554 -95.178 -110.761 -118.281 -121.481 -127.282 -114.215 -88.429 -91.253 -89.751 -76.632 -63.371 -50.316 -36.951 -17.749 -1.238 28.573 35.285 37.304 70.341 78.597 105.918 25.778 28.352 -23.719 -27.430 -29.788 -27.822 -29.586 -26.214 -25.293 -49.822 -60.598 -66.592 -85.292 -130.019
-185.593 -218.879 -181.487 -66.412 -57.872 -69.482 -82.762 -96.491 -109.199 -102.156 -109.747 -103.644 -93.312 -91.567 -49.300 -44.308 -46.505 -46.705 -39.244 -57.186 -59.409 -52.232 -40.819 -50.862 -50.932 -50.524 -48.722 -72.229 -98.431 -204.981 -191.979 -188.266 -187.872 -174.644 -151.078 -112.059 -70.882 -15.647 47.245 117.354 182.299 244.819 237.989 226.570 255.544 269.922 270.053 263.169 231.605 205.126 113.866 16.702 -37.472 -61.880 -69.952 -75.921 -79.443 -72.154 -43.764 -29.694 22.393 49.842 69.280 75.036 75.732 62.648 41.843 19.248 -13.043 -57.090 -74.299 -76.685 -79.501 -68.550 -66.418 -41.963 16.378 22.364 26.880 20.154 0.035 -6.837 -19.199 -32.488 -38.690 -62.663 -100.718 -112.641 -118.064 -118.336 -106.010 -89.084 -90.683 -82.477 -72.534 -63.443 -55.547 -43.428 -30.621 -23.662 -16.066 -1.447 9.389 40.962 -6.991 -26.972 -58.812 -62.180 -64.199 -57.159 -53.794 -36.286 -19.198 -17.389 -33.964 -57.517 -68.006 -63.150 -83.608 -127.325
-179.579 -161.529 -37.937 -38.611 -40.361 -52.625 -67.065 -82.207 -96.350 -91.574 -73.855 -80.239 -82.918 -82.399 -40.933 -42.530 -32.799 -25.162 -39.451 -27.048 -56.307 -62.662 -63.369 -63.720 -65.945 -67.853 -96.083 -98.454 -134.471 -172.961 -196.376 -192.319 -191.417 -179.532 -152.384 -122.222 -66.109 -27.722 19.292 84.421 151.459 210.155 239.412 196.858 224.545 241.876 279.623 225.739 206.148 124.750 73.445 12.299 -38.996 -56.174 -62.216 -53.644 -67.623 -58.522 -28.953 6.317 53.478 78.749 105.916 124.897 105.446 87.489 60.115 34.683 -17.626 -52.887 -92.918 -102.319 -103.908 -82.463 -68.676 -43.542 7.356 10.042 9.639 19.392 18.595 -0.074 -8.377 -7.470 -18.206 -22.635 -64.242 -81.298 -106.555 -111.166 -101.249 -88.297 -88.341 -81.125 -70.048 -64.569 -58.431 -50.025 -40.979 -51.057 -45.292 -32.149 -60.912 -75.449 -121.662 -139.032 -100.857 -99.645 -83.217 -64.447 -26.521 -15.337 -29.320 -32.882 -45.831 -66.035 -68.745 -65.216 -83.896 -127.043
-149.248 -17.752 -10.926 -19.280 -28.280 -34.179 -50.059 -66.845 -76.687 -48.266 -59.939 -67.589 -71.482 -58.176 -25.196 -35.056 -27.243 -21.052 -18.081 -24.340 -21.757 -58.834 -68.998 -69.913 -73.337 -76.522 -106.034 -126.306 -141.925 -104.340 -200.378 -195.190 -193.756 -180.617 -158.336 -118.723 -81.143 -38.665 -1.732 57.635 111.624 173.546 201.339 200.248 190.867 207.589 231.995 195.306 158.373 81.481 48.646 7.301 -36.677 -50.554 -44.307 -45.528 -55.820 -39.265 -11.929 42.949 81.763 107.184 150.647 162.257 153.181 111.648 87.752 48.466 -13.471 -64.113 -94.422 -111.574 -111.444 -102.254 -89.258 -49.445 10.813 11.778 4.752 5.737 10.757 3.069 1.786 -3.791 8.140 0.000 -9.260 -4.014 -59.828 -74.229 -80.032 -80.239 -82.700 -78.451 -64.657 -63.173 -61.146 -63.779 -59.698 -58.438 -86.373 -144.124 -175.623 -158.757 -152.038 -143.885 -102.279 -73.541 -42.045 -23.562 -19.247 -37.108 -31.221 -50.455 -52.011 -70.385 -69.676 -65.669 -85.216 -128.127
-69.069 2.403 12.841 1.060 -8.595 -22.387 -32.734 -29.686 -28.605 -32.647 -45.610 -54.398 -45.772 -48.586 -27.344 -27.102 -25.850 -16.878 -14.917 -4.021 -13.734 -39.788 -63.841 -74.444 -78.665 -106.183 -112.899 -143.748 -145.659 -90.734 -147.760 -195.650 -195.217 -183.927 -165.391 -131.599 -98.225 -54.181 -16.368 25.851 80.063 129.545 142.345 177.866 173.227 179.667 230.646 209.791 149.949 75.889 37.337 -3.162 -35.066 -45.223 -38.625 -49.755 -44.556 -26.492 17.571 72.776 105.581 146.214 180.834 192.549 180.747 156.448 113.484 41.372 -26.780 -66.466 -99.194 -117.962 -117.805 -127.308 -103.996 -68.945 4.304 8.024 6.247 -1.573 -4.638 5.502 -15.651 -0.781 6.897 40.663 -10.579 1.835 -13.592 -33.735 -30.198 -38.834 -66.999 -70.281 -58.393 -59.861 -66.944 -76.035 -96.411 -109.609 -132.613 -151.629 -189.512 -153.068 -170.636 -117.769 -92.053 -40.702 -31.026 -27.397 -40.213 -28.652 -61.989 -61.628 -63.595 -75.101 -73.140 -70.067 -82.251 -115.158
-27.048 23.049 31.861 27.669 10.825 -4.485 39.017 13.247 -10.535 -17.377 -31.392 -28.078 -34.656 -38.846 -17.197 -18.946 -19.587 -12.806 -11.912 -10.715 18.378 22.041 -41.708 -71.261 -81.893 -109.715 -129.020 -144.584 -117.890 -112.195 -117.105 -196.436 -193.945 -182.920 -155.888 -137.997 -112.110 -78.879 -28.159 2.699 44.484 78.413 106.906 151.031 160.011 161.195 150.965 153.677 111.441 74.220 42.857 -8.071 -33.386 -32.329 -33.728 -41.533 -30.261 -13.344 28.173 95.271 126.427 185.069 213.828 219.217 209.170 209.337 112.960 50.682 -24.152 -67.919 -97.605 -122.994 -122.507 -131.985 -106.789 -67.273 7.543 2.937 0.840 -3.972 -15.852 -5.665 -9.251 -4.082 -19.653 -12.021 -2.102 -7.135 -6.247 -25.498 -31.116 -17.734 -56.959 -69.119 -62.820 -64.851 -66.042 -77.780 -94.863 -103.901 -125.822 -140.310 -153.263 -135.000 -119.148 -100.524 -75.808 -30.074 -20.900 -42.469 -50.012 -63.681 -73.833 -76.136 -72.801 -78.245 -72.819 -67.128 -80.815 -91.556
22.314 43.166 50.226 45.808 40.042 56.520 59.451 31.559 6.087 -14.793 -17.750 -16.068 -23.712 -46.837 -6.909 -10.864 -13.553 -8.993 -9.181 -8.757 20.669 23.924 26.135 -78.478 -100.192 -110.498 -136.736 -141.969 -115.358 -128.020 -114.303 -150.464 -190.525 -180.017 -156.396 -141.812 -120.378 -92.845 -57.058 -12.605 17.291 41.658 76.983 120.443 143.570 108.477 98.505 110.595 82.951 52.692 41.349 2.308 -35.738 -29.702 -29.182 -33.879 -21.535 9.974 48.990 110.841 158.058 209.358 240.537 245.727 265.635 222.472 155.755 35.615 -22.362 -69.175 -100.434 -120.467 -125.141 -134.372 -107.323 -32.504 12.123 7.045 -5.582 -11.381 -18.020 -16.220 -47.825 10.251 -86.986 -87.043 -30.773 -27.190 8.416 -34.662 -18.117 -34.352 -55.553 -70.552 -55.234 -54.928 -54.830 -58.645 -61.350 -62.803 -79.013 -90.809 -84.493 -86.033 -79.059 -80.515 -60.213 -79.310 -62.003 -77.895 -113.788 -109.284 -89.406 -83.897 -78.918 -80.827 -70.714 -64.869 -81.071 -57.348
51.379 61.837 79.734 113.198 98.819 75.102 47.432 47.462 20.724 -0.983 6.428 -4.637 -13.256 -38.121 3.208 -3.124 -7.962 -7.699 -6.822 -7.108 22.401 25.245 26.997 -48.143 -89.410 -101.806 -134.655 -136.145 -109.805 -134.686 -103.143 -88.098 -178.543 -176.546 -156.095 -143.540 -128.130 -105.094 -74.218 -33.794 -3.806 22.598 46.180 77.895 87.731 67.832 59.413 60.911 56.060 32.421 24.832 6.455 -20.325 -28.093 -33.109 -27.478 -11.821 25.647 61.446 125.186 184.384 230.651 256.593 265.859 310.268 235.881 143.398 39.580 -21.415 -70.051 -101.925 -121.628 -152.020 -134.262 -103.526 -28.635 18.723 8.029 -3.833 -11.975 -29.305 -40.345 -57.580 -19.922 -74.757 -147.987 -142.945 -127.116 -97.354 -37.604 -61.893 -38.160 -62.345 -69.098 -53.423 -48.807 -42.883 -47.337 -48.229 -40.659 -54.299 -73.076 -69.849 -49.164 -54.659 -66.220 -82.442 -121.394 -143.427 -161.877 -157.376 -127.943 -101.553 -80.312 -80.941 -76.164 -65.792 -63.120 -80.499 -73.545
106.960 157.917 137.964 134.236 115.998 90.268 60.644 60.492 32.995 10.916 17.393 5.937 -22.076 -30.309 12.848 4.024 -3.004 -7.676 -4.909 -5.813 23.526 25.969 27.275 3.763 -59.428 -79.239 -133.471 -129.624 -116.036 -121.807 -109.073 -71.624 -120.013 -163.479 -154.441 -145.125 -133.584 -115.013 -89.329 -57.413 -25.276 -16.332 12.753 24.947 48.383 24.730 30.804 33.626 31.374 13.772 9.718 2.429 -21.005 -21.257 -31.685 -20.995 3.200 31.949 66.539 143.568 190.891 238.703 265.560 333.057 320.183 219.083 147.289 41.222 -21.256 -70.382 -101.873 -115.243 -150.421 -131.612 -96.288 -22.357 23.126 13.916 -1.074 -11.868 -32.209 -45.759 -66.311 -25.734 -23.042 -88.480 -167.853 -151.158 -124.862 -88.464 -2.651 4.151 -51.566 -66.830 -52.046 -41.103 -39.368 -33.965 -32.702 -37.831 -58.620 -62.946 -61.734 -39.508 -51.539 -89.463 -140.285 -160.896 -227.625 -215.686 -179.638 -151.582 -109.700 -80.466 -77.241 -70.166 -63.372 -61.747 -78.065 -52.347
119.659 161.600 152.691 148.917 129.065 101.626 70.469 70.378 42.683 20.714 27.069 -3.482 -14.280 33.648 21.720 10.354 1.161 -5.128 -3.494 -4.897 5.903 26.090 10.923 10.002 -93.592 -99.074 -123.962 -110.961 -120.486 -108.606 -91.424 -52.396 -65.665 -111.665 -151.186 -146.511 -136.347 -124.407 -106.284 -78.441 -54.176 -37.901 -20.285 -6.297 3.529 -6.747 5.319 -5.150 -2.887 -3.055 -3.822 -5.076 -17.029 -21.351 -28.034 -16.606 7.108 35.029 74.950 143.184 196.751 239.607 291.809 346.740 295.265 219.369 146.729 75.624 -21.782 -70.042 -100.177 -140.384 -146.112 -126.540 -85.245 -9.652 33.434 21.094 2.588 -11.066 -34.504 -44.647 -66.117 -31.486 -29.847 -22.832 -151.778 -173.726 -145.271 -110.864 -72.105 -8.636 -17.059 -57.406 -52.645 -37.679 -32.969 -24.535 -17.734 -12.158 -40.424 -56.674 -55.276 -53.947 -74.105 -124.926 -173.674 -228.512 -253.813 -239.168 -182.496 -144.047 -102.311 -71.775 -82.623 -73.552 -66.204 -67.320 -83.975 -56.469
134.504 148.509 163.227 159.031 137.763 109.014 76.834 77.041 49.733 44.359 35.305 3.533 -7.749 44.080 29.555 15.673 4.407 -3.350 -4.615 -4.367 6.138 25.632 10.540 9.644 -87.080 -90.557 -113.086 -111.861 -112.550 -98.601 -76.049 -28.095 -43.315 -40.533 -118.878 -150.260 -144.581 -138.101 -124.612 -104.509 -82.671 -56.017 -47.934 -33.605 -20.186 -33.920 -22.662 -25.133 -21.112 -8.447 -15.736 -13.722 -17.836 -25.821 -25.694 -12.371 9.624 33.586 82.145 117.495 190.598 241.451 332.534 313.831 288.567 213.593 141.902 72.106 -22.851 -68.954 -96.850 -135.233 -139.319 -118.281 -73.853 3.483 45.126 29.247 8.067 -9.622 -36.092 -47.824 -72.812 -36.886 -36.442 -30.161 -17.909 -151.754 -163.440 -126.347 -88.476 -28.001 1.866 -55.849 -50.675 -37.766 -30.484 -17.958 -4.875 -9.025 -17.919 -22.127 -50.856 -51.649 -106.556 -163.838 -187.736 -234.682 -241.282 -217.498 -130.622 -107.058 -86.039 -81.175 -88.523 -78.773 -64.216 -72.985 -70.466 37.234
145.224 156.977 169.435 164.494 142.081 112.495 79.864 80.581 54.231 50.169 22.107 9.168 -2.544 53.192 36.119 19.824 6.648 -2.376 -4.268 -4.213 6.000 10.030 9.938 9.104 -79.550 -100.331 -99.370 -99.009 -93.823 -76.878 -52.135 -49.468 -17.300 0.069 -37.025 -157.387 -159.974 -151.769 -139.409 -117.820 -109.464 -83.029 -65.541 -51.757 -40.558 -52.258 -46.906 -47.676 -41.486 -30.939 -26.062 -21.058 -17.513 -27.205 -18.608 -11.136 3.469 36.298 74.604 114.801 175.238 254.260 292.612 298.588 265.094 195.516 133.241 66.415 -24.292 -67.094 -124.520 -127.951 -123.976 -121.970 -50.094 17.874 57.649 37.970 13.207 -7.628 -25.012 -82.699 -78.367 -41.653 -42.486 -37.121 -25.206 -8.151 -77.125 -139.193 -114.577 -75.082 -14.115 -52.848 -53.407 -43.501 -33.617 -26.297 -5.429 -4.416 -28.458 -30.427 -33.828 -40.393 -58.610 -109.648 -157.028 -171.914 -113.279 -118.474 -103.704 -86.411 -87.558 -85.588 -90.093 -74.401 -67.814 -86.475 -58.078 51.630
151.853 161.241 155.012 165.468 142.240 112.337 79.854 81.249 56.384 26.976 10.327 13.439 1.340 60.709 41.223 22.702 7.840 -2.204 -7.670 -4.405 -9.107 9.107 9.146 8.408 2.304 -118.080 -85.276 -88.883 -77.333 -56.354 -26.325 -19.430 44.355 29.102 26.596 -61.104 -166.772 -162.269 -150.012 -125.549 -124.896 -99.457 -81.000 -68.557 -57.792 -69.067 -73.790 -67.433 -59.305 -46.268 -34.906 -24.106 -16.408 -22.059 -17.911 -11.711 1.491 26.605 53.336 94.982 177.332 237.368 269.473 276.289 245.359 179.876 121.393 58.993 -25.923 -101.068 -117.819 -118.927 -128.161 -105.387 -19.708 32.790 70.369 46.803 21.694 6.920 -24.350 -85.617 -106.309 -45.533 -47.662 -43.353 -32.022 -14.962 4.787 -56.491 -121.905 -80.464 6.598 -45.543 -50.701 -41.190 -30.470 -26.471 -12.159 -15.203 -15.055 -1.680 -3.168 2.458 -37.479 -62.550 -52.838 -72.793 -72.837 -85.871 -97.551 -100.954 -87.839 -95.643 -87.218 -74.970 -67.350 -80.915 -44.325 58.393
154.609 161.547 153.370 140.937 138.655 108.972 77.231 79.418 15.956 27.689 12.112 16.411 3.957 66.409 44.733 24.253 7.992 -2.795 -8.446 -25.302 6.839 8.007 8.203 7.593 6.502 -102.016 -71.374 -71.866 -57.621 -33.282 0.063 9.907 36.801 57.687 51.643 37.234 -88.187 -172.681 -162.242 -140.097 -126.844 -111.082 -94.644 -83.919 -73.889 -85.556 -87.465 -80.708 -71.308 -59.598 -52.627 -30.225 -19.508 -20.664 -18.715 -15.249 -3.087 9.272 35.114 57.318 175.936 209.224 240.575 248.381 220.792 160.675 107.154 50.355 -27.557 -96.792 -109.784 -123.906 -116.731 -79.298 18.313 47.466 82.609 55.263 27.275 10.250 -23.206 -85.963 -109.041 -48.328 -51.704 -48.538 -38.014 -21.268 -1.325 17.755 -20.769 -36.630 -18.243 -7.434 -46.493 -46.729 -33.053 -28.595 -11.025 -7.070 -7.168 2.322 14.348 40.269 58.852 40.842 14.187 -20.372 -60.452 -87.338 -95.112 -101.620 -98.641 -103.884 -88.346 -73.256 -77.717 -82.840 -27.463 62.569
153.856 164.953 148.396 134.949 111.425 102.959 72.512 44.025 13.120 27.202 12.796 18.187 5.411 70.143 46.589 24.490 7.160 -4.070 -37.145 -26.134 5.412 6.781 7.155 6.699 5.740 -86.366 -81.671 -55.667 -38.835 -11.117 26.298 41.389 70.772 89.009 78.836 58.804 31.394 -101.530 -168.557 -156.087 -134.017 -120.783 -105.775 -96.653 -88.222 -114.407 -104.428 -92.547 -81.919 -68.270 -58.724 -35.132 -18.891 -22.792 -23.840 -18.486 -11.533 -1.335 19.655 34.048 66.320 173.695 207.656 216.547 192.887 139.093 91.406 41.048 -68.129 -110.881 -117.717 -112.446 -104.568 -36.638 35.610 61.156 93.708 62.882 50.208 17.176 -46.014 -85.356 -109.551 -49.909 -54.419 -52.425 -42.891 -26.768 -7.000 12.307 -23.861 -0.935 -11.869 27.265 -36.653 -43.478 -37.575 -27.236 -22.282 -13.786 -7.485 8.405 21.792 48.968 49.806 31.926 5.528 -28.120 -61.318 -87.025 -94.580 -100.105 -104.891 -106.195 -82.775 -71.820 -81.387 -57.673 41.326 64.448
150.056 158.422 140.646 126.359 102.953 72.809 44.357 38.252 9.672 25.794 12.608 18.903 93.595 71.850 46.805 23.486 5.453 -35.130 -39.269 -38.359 5.056 5.488 6.053 5.766 4.958 -71.627 -80.092 -45.846 -21.536 9.488 32.278 71.751 104.144 116.849 105.032 79.824 45.544 14.000 -130.153 -165.326 -140.334 -126.449 -113.623 -106.987 -100.885 -126.752 -122.015 -110.692 -95.287 -75.270 -62.275 -43.638 -20.471 -18.892 -23.425 -21.902 -24.169 -18.235 -9.655 11.481 39.232 133.741 167.890 158.584 139.958 95.515 55.528 -27.717 -88.473 -104.094 -107.443 -100.486 -88.319 39.660 51.271 73.191 103.069 88.729 55.086 20.003 -41.803 -83.051 -107.822 -50.226 -55.702 -54.852 -46.445 -31.224 -11.994 7.175 -26.147 -2.408 16.339 44.167 -20.003 -44.511 -35.490 -27.007 -18.119 -12.028 -6.778 8.897 21.881 46.493 47.452 30.748 5.208 -27.417 -59.493 -84.053 -91.753 -94.192 -106.600 -102.432 -79.103 -70.969 -80.807 -51.639 43.151 64.374
143.730 149.266 130.961 115.853 93.042 30.930 -11.339 -50.655 6.024 23.732 11.776 0.174 94.318 71.565 45.478 21.381 -28.365 -38.443 -41.368 -39.049 3.285 4.185 4.945 4.835 4.187 -49.543 -63.088 -43.277 -6.161 27.986 56.258 100.220 136.115 147.116 130.785 100.604 59.448 20.620 -95.616 -109.552 -115.291 -128.747 -115.267 -111.695 -118.298 -139.099 -136.553 -126.671 -108.015 -75.919 -61.875 -45.916 -22.570 -6.846 -28.178 -30.679 -33.827 -32.343 -32.590 -10.667 12.512 38.276 131.898 125.569 111.291 73.880 40.398 -33.514 -85.753 -96.554 -96.771 -88.491 -49.614 55.656 64.619 63.694 110.206 94.015 58.591 22.232 -38.755 -79.189 -103.971 -49.312 -55.542 -55.756 -48.557 -34.475 -16.119 2.553 -27.551 -3.422 16.292 45.227 41.376 -32.684 -35.308 -26.243 -20.401 -13.271 -1.874 9.487 22.429 31.248 46.453 31.360 7.085 -24.258 -55.146 -75.589 -85.190 -97.174 -105.757 -97.039 -73.731 -76.303 -78.538 20.224 43.710 128.455
135.417 138.169 119.335 78.442 55.858 23.800 -16.132 -54.503 -100.618 -45.158 10.508 -0.729 92.762 34.719 8.754 -15.036 -32.488 -41.727 -43.335 -39.565 3.094 3.782 3.877 3.942 3.456 -38.948 -48.216 -29.305 6.992 43.957 77.496 126.063 165.851 227.598 118.264 120.782 73.025 27.011 -94.910 -80.723 -75.274 -86.693 -75.852 -86.544 -97.973 -143.269 -127.011 -111.506 -81.868 -40.104 -72.185 -12.586 22.826 11.865 -26.765 -28.504 -39.649 -42.946 -47.836 -31.259 -12.511 10.139 91.469 109.007 83.914 53.465 -14.175 -38.056 -82.073 -88.511 -86.059 -76.853 5.488 68.657 75.160 71.410 136.225 107.128 60.594 4.326 -34.928 -73.996 -98.235 -47.277 -54.022 -55.172 -49.208 -36.446 -19.256 -1.413 -28.060 -3.977 16.397 34.247 67.097 -23.298 -32.099 -31.123 -22.041 -12.627 -0.297 13.587 25.943 32.589 46.757 33.642 10.964 -14.725 -45.159 -68.723 -77.453 -96.250 -99.582 -84.515 -71.461 -78.865 -74.810 -27.886 43.221 123.488
63.716 74.007 80.092 67.823 46.948 17.406 -19.645 -56.357 -99.770 -46.132 -64.243 57.713 54.078 30.745 4.387 -19.493 -36.528 -44.794 -45.042 -39.847 1.095 2.406 2.887 3.115 2.784 -29.891 -32.693 -28.361 8.417 57.108 95.522 148.610 192.519 255.751 141.925 139.872 86.075 -33.769 -92.897 -83.231 -69.944 -50.384 11.421 47.339 4.403 -22.527 6.248 37.136 68.574 11.203 -32.559 0.695 28.250 16.098 -32.625 -30.955 -44.344 -51.917 -60.971 -49.348 -34.723 -14.996 59.705 78.106 25.291 3.357 -23.357 -41.192 -77.523 -80.193 -75.604 -55.143 64.384 78.293 113.673 102.748 129.866 107.741 61.056 10.216 -30.783 -67.761 -71.457 -44.291 -51.303 -53.227 -48.472 -37.147 -21.358 -4.630 -27.718 -4.105 16.596 35.650 67.849 27.948 -30.839 -31.973 -21.202 -13.380 -1.369 13.163 28.632 39.407 53.886 43.537 22.639 -6.281 -37.217 -59.002 -65.924 -92.583 -94.545 -71.951 -72.789 -77.727 -81.199 -45.734 -27.511 46.676
55.580 63.802 69.069 57.592 38.642 11.915 -21.845 -56.283 -96.473 -45.743 -62.762 53.577 36.334 26.136 -0.211 -23.841 -40.238 -47.442 -46.352 -31.756 -0.677 2.225 2.555 2.376 2.186 -15.380 -22.452 -16.460 17.832 43.057 109.992 167.284 215.322 280.018 210.850 114.376 67.818 -26.068 -89.303 -84.380 -73.993 -56.601 -5.614 63.174 92.336 60.667 63.316 59.151 52.459 -3.512 -42.842 7.720 20.906 10.969 -10.870 -36.999 -56.574 -67.324 -71.441 -71.705 -53.293 -36.229 -19.289 -2.392 5.560 -9.846 -24.164 -42.867 -72.226 -71.803 -65.638 -25.514 106.193 117.827 117.526 118.188 142.153 105.892 40.861 11.643 -26.521 -63.489 -64.856 -40.568 -47.606 -50.124 -46.502 -36.669 -22.446 -7.061 -26.618 -3.869 16.819 31.483 43.697 80.776 -10.696 -31.480 -26.663 -14.517 0.577 14.426 29.393 41.653 56.192 48.151 29.193 1.776 -25.859 -46.567 -66.413 -88.434 -77.640 -66.441 -70.168 -70.960 -54.740 -42.354 -27.041 41.477
47.778 -18.296 44.175 48.042 31.147 7.408 -22.801 -54.474 -91.054 -44.124 -59.939 48.639 31.333 21.166 -4.762 -27.811 -43.376 -49.477 -47.136 -31.921 -2.169 0.876 1.649 1.738 1.670 0.449 -14.376 -4.335 24.836 52.320 98.288 181.630 233.552 299.480 230.290 130.486 -15.340 -17.537 -84.043 -83.851 -69.448 -82.270 13.678 50.580 79.325 46.846 48.360 43.315 -23.066 -17.327 -52.075 -18.146 13.639 6.337 0.760 -37.010 -58.179 -93.130 -109.714 -109.198 -99.594 -92.123 -82.382 -20.429 -10.301 -20.391 -29.720 -38.597 -63.563 -61.293 -42.825 53.733 109.059 119.389 117.707 134.027 154.913 101.791 45.082 5.106 -22.329 -43.714 -27.732 -36.345 -43.192 -46.113 -43.513 -35.165 -22.601 -8.720 -24.893 -3.352 16.989 32.889 47.964 94.120 30.616 -30.064 -30.566 -13.751 1.543 12.905 32.406 46.401 51.053 53.652 39.973 13.999 -14.130 -47.305 -73.039 -80.811 -61.372 -63.057 -63.418 -66.560 -48.488 -38.640 -26.076 36.422
40.494 -21.120 -5.671 39.382 24.586 3.888 -22.656 -51.220 -83.945 -41.473 50.296 43.167 26.114 16.117 -9.001 -31.158 -45.732 -50.737 -47.286 -7.593 -3.352 -0.223 1.521 1.511 1.238 0.372 -8.243 2.691 24.640 58.681 106.463 159.902 246.646 313.358 303.155 63.873 -0.720 -59.347 -77.230 -81.517 -92.361 -84.201 3.551 39.185 67.170 34.165 34.440 -38.537 -37.150 -29.677 -59.846 -8.660 7.120 2.343 -2.728 -38.133 -60.481 -95.236 -118.354 -113.641 -106.394 -100.000 -90.481 -82.492 -30.020 -25.006 -33.105 -38.106 -57.536 -53.442 -21.296 77.700 108.115 117.258 114.590 151.506 131.271 67.021 42.796 6.434 -18.363 -37.522 -10.920 -31.861 -38.332 -41.476 -39.757 -32.832 -21.950 -9.665 -22.698 -2.647 17.032 33.805 51.267 78.601 118.761 -12.043 -32.944 -16.211 -3.561 14.082 32.025 47.569 56.478 60.500 45.937 21.712 -7.290 -44.561 -67.307 -60.231 -49.758 -54.915 -62.947 -51.673 -59.990 -34.734 -24.676 31.615
33.853 -22.642 -8.161 31.735 19.008 1.290 -21.610 -46.869 -75.640 -38.032 44.455 37.439 20.943 -3.012 -12.694 -33.685 -47.145 -51.104 -46.729 -8.437 -4.215 -1.069 0.741 1.431 1.083 0.299 -3.785 7.516 33.375 62.312 111.125 166.622 213.117 321.098 233.255 74.991 13.624 -47.137 -104.687 -103.063 -88.228 -79.723 -4.587 29.394 31.134 23.093 -46.849 -50.722 -49.009 -92.751 -51.046 -15.503 1.539 -0.927 -5.366 -20.948 -64.362 -99.116 -118.782 -114.267 -118.186 -103.386 -94.111 -85.582 -80.002 -30.184 -34.507 -36.494 -51.282 -28.200 27.164 75.515 103.923 111.987 108.691 142.066 122.047 51.220 39.712 7.236 -14.742 -31.563 -9.006 -12.410 -33.290 -36.490 -35.501 -29.892 -20.653 -9.986 -20.196 -1.845 16.889 41.205 53.432 93.853 70.778 57.554 -28.165 -19.731 -2.649 11.877 29.335 47.650 58.768 63.894 51.411 27.004 -9.272 -43.967 -52.098 -43.862 -38.825 -48.840 -55.720 -35.126 -35.675 -30.767 16.844 27.131
-37.842 -22.989 -9.667 25.148 14.394 -0.495 -17.863 -41.794 -66.646 37.278 38.482 31.716 16.052 -6.720 -15.663 -35.258 -47.520 -50.517 -45.437 -8.900 -4.768 -1.670 0.150 0.908 1.003 0.177 -0.711 6.874 33.429 63.476 112.440 169.064 217.690 249.436 168.074 57.511 -28.692 -84.570 -129.347 -124.838 -104.593 -73.546 -10.587 21.402 -51.805 -50.442 -55.452 -60.140 -58.288 -98.447 -56.472 -26.071 -2.995 -3.442 -7.176 -33.676 -76.479 -97.083 -118.783 -112.396 -115.961 -102.748 -93.773 -84.959 -78.482 -38.365 -34.213 -33.986 -40.851 -23.153 57.969 71.098 97.154 104.232 100.619 144.979 -1.637 45.947 36.040 7.558 -11.546 -26.019 8.550 -10.197 -28.301 -31.418 -31.002 -26.571 -18.882 -9.795 -17.547 -1.032 12.242 25.557 54.354 94.828 68.355 84.059 -1.652 -19.687 -6.016 11.837 29.663 42.907 56.891 57.132 51.457 23.462 -8.571 -37.706 -31.559 -29.754 -25.802 -41.532 -43.950 -34.319 -30.111 -26.855 15.073 23.020

# Top 10 maximum values:
# Index_r, Index_theta, r_value, theta_value, z_value
12, 105, 2.500000, 5.523967, 419.296525
11, 103, 2.300000, 5.419247, 429.217302
12, 109, 2.500000, 5.733407, 434.681191
11, 104, 2.300000, 5.471607, 449.773875
11, 108, 2.300000, 5.681047, 452.007706
11, 106, 2.300000, 5.576327, 454.857428
11, 105, 2.300000, 5.523967, 455.972394
11, 107, 2.300000, 5.628687, 468.125428
12, 103, 2.500000, 5.419247, 476.513499
12, 102, 2.500000, 5.366887, 488.609734

# Analysis of potential symmetric artifacts:
# Found 4 local maxima
# Local maxima (r, theta, z_value, angle_degrees):
2.3000, 5.5763, 454.857428, 319.50°
4.5000, 2.4347, 327.218620, 139.50°
7.1000, 3.3249, 346.740097, 190.50°
9.5000, 1.7541, 313.358049, 100.50°

# Potential symmetric pairs (difference close to π):
# Pair 1 and 2: Angles 319.50° and 139.50°
# - Angular difference: 180.00° (π = 180°)
# - Radii: 2.30 and 4.50
# - Z values: 454.857428 and 327.218620

