# Z-Grid Data for Iteration 6
# Shape: (50, 120)
# Min value: -354.89822856504117
# Max value: 398.60123100816156
# Average value: -2.9359019738551404

# Radial edges (r_edges):
0.000
0.200
0.400
0.600
0.800
1.000
1.200
1.400
1.600
1.800
2.000
2.200
2.400
2.600
2.800
3.000
3.200
3.400
3.600
3.800
4.000
4.200
4.400
4.600
4.800
5.000
5.200
5.400
5.600
5.800
6.000
6.200
6.400
6.600
6.800
7.000
7.200
7.400
7.600
7.800
8.000
8.200
8.400
8.600
8.800
9.000
9.200
9.400
9.600
9.800
10.000

# Angular edges (theta_edges):
0.000
0.052
0.105
0.157
0.209
0.262
0.314
0.367
0.419
0.471
0.524
0.576
0.628
0.681
0.733
0.785
0.838
0.890
0.942
0.995
1.047
1.100
1.152
1.204
1.257
1.309
1.361
1.414
1.466
1.518
1.571
1.623
1.676
1.728
1.780
1.833
1.885
1.937
1.990
2.042
2.094
2.147
2.199
2.251
2.304
2.356
2.409
2.461
2.513
2.566
2.618
2.670
2.723
2.775
2.827
2.880
2.932
2.985
3.037
3.089
3.142
3.194
3.246
3.299
3.351
3.403
3.456
3.508
3.560
3.613
3.665
3.718
3.770
3.822
3.875
3.927
3.979
4.032
4.084
4.136
4.189
4.241
4.294
4.346
4.398
4.451
4.503
4.555
4.608
4.660
4.712
4.765
4.817
4.869
4.922
4.974
5.027
5.079
5.131
5.184
5.236
5.288
5.341
5.393
5.445
5.498
5.550
5.603
5.655
5.707
5.760
5.812
5.864
5.917
5.969
6.021
6.074
6.126
6.178
6.231
6.283

# Z-Grid matrix (rows = radii, columns = angles):
94.242 94.234 94.235 94.244 94.262 94.289 94.325 94.369 94.422 94.484 94.554 94.633 94.719 94.813 94.914 95.022 95.137 95.258 95.384 95.516 95.652 95.792 95.935 96.082 96.230 96.380 96.531 96.682 96.833 96.983 97.132 97.278 97.421 97.562 97.698 97.830 97.958 98.080 98.197 98.308 98.412 98.510 98.602 98.686 98.764 98.834 98.897 98.953 99.002 99.043 99.077 99.105 99.125 99.139 99.146 99.147 99.142 99.131 99.115 99.093 99.066 61.909 61.858 61.804 61.746 61.684 61.618 61.550 61.478 61.404 61.328 61.249 61.168 61.085 61.000 60.913 60.825 60.736 60.644 60.552 60.458 60.362 60.265 60.167 60.068 59.967 59.865 59.762 59.658 59.553 59.447 59.340 59.232 59.124 59.015 58.906 58.797 58.689 58.580 58.472 58.366 58.260 58.156 58.054 57.955 57.858 57.764 57.674 57.588 57.506 94.730 94.652 94.580 94.514 94.454 94.400 94.353 94.314 94.282 94.258
87.419 87.278 87.172 87.102 87.071 87.078 87.125 87.213 87.341 87.510 87.720 87.970 88.258 88.585 88.949 89.347 89.779 90.241 90.732 91.249 91.788 92.347 92.922 93.510 94.108 94.711 95.316 95.920 96.519 97.109 97.686 98.248 98.791 99.312 99.808 100.277 100.716 101.124 101.498 101.838 102.142 102.409 102.639 102.832 102.989 103.109 103.194 103.244 103.262 103.249 103.206 103.136 103.041 102.924 102.786 102.631 78.629 33.396 33.119 32.836 32.549 32.260 31.973 31.690 31.412 31.142 30.881 30.630 30.392 30.165 29.953 29.754 29.568 29.397 29.238 29.093 28.959 28.836 28.723 28.617 28.519 28.425 28.335 9.393 9.328 9.260 9.187 9.107 9.018 8.918 39.229 39.050 38.854 38.640 38.407 38.156 37.885 37.596 37.288 36.962 36.618 36.259 56.039 55.666 55.284 54.896 54.504 54.110 53.716 53.326 52.942 52.566 52.202 51.853 51.522 88.584 88.297 88.034 87.799 87.593
78.928 78.505 78.152 77.873 77.672 77.552 77.516 77.565 77.703 77.930 78.247 78.653 79.148 79.729 80.396 81.144 81.971 82.870 83.838 84.868 85.954 87.088 88.263 89.470 90.701 91.947 93.199 94.447 95.682 96.896 98.078 99.222 100.317 101.358 102.336 103.245 104.081 104.836 105.509 106.096 106.594 107.003 107.322 107.553 107.696 107.753 107.730 107.628 107.454 107.212 83.307 82.912 82.469 81.983 81.462 80.914 35.924 35.224 34.519 33.817 33.124 32.448 31.795 31.170 30.579 30.026 29.515 29.050 28.632 28.265 27.947 27.681 27.465 27.299 8.461 8.432 8.443 8.492 8.573 8.683 8.815 8.964 9.125 9.291 9.456 9.615 9.760 9.887 9.988 10.060 10.097 10.093 10.046 9.951 9.805 9.606 39.341 38.914 38.428 37.887 37.289 36.639 35.938 35.191 34.401 33.574 32.713 31.824 30.915 29.990 29.057 47.850 46.992 46.151 45.336 44.552 81.223 80.569 79.965 79.416
69.191 68.358 67.631 67.017 66.525 66.159 65.928 65.835 65.887 66.086 66.435 66.937 64.257 65.035 65.958 67.023 68.225 69.558 71.013 72.581 74.253 76.015 77.855 79.758 81.709 83.693 85.691 87.689 89.668 91.611 97.841 99.726 101.525 103.223 104.806 106.262 107.581 99.432 100.462 101.337 102.054 102.611 103.008 103.247 103.332 103.267 103.060 81.363 80.860 80.242 79.521 78.708 77.817 76.860 75.852 35.796 34.561 33.321 32.086 30.872 29.691 30.798 29.675 28.621 27.644 26.753 25.955 25.256 24.660 24.169 23.785 23.508 5.032 5.016 5.098 5.271 5.530 5.866 6.270 6.734 7.244 7.792 8.363 8.946 9.529 10.099 10.644 11.151 11.609 12.008 12.336 12.585 12.746 12.813 12.779 12.640 12.392 12.034 11.563 40.246 39.369 38.386 37.303 36.126 34.862 33.519 32.105 30.630 29.105 27.540 25.946 24.335 22.719 21.110 38.824 37.402 36.031 72.246 71.144 70.123
58.686 57.342 56.133 55.073 54.170 53.438 50.056 49.703 49.545 49.589 47.352 47.806 48.473 49.357 32.660 33.938 35.430 37.129 39.024 41.102 43.348 45.745 48.272 50.908 53.629 56.411 59.227 62.051 64.857 85.699 88.398 94.880 97.434 91.491 93.718 99.476 101.373 103.046 104.483 105.677 106.621 107.314 107.758 107.956 107.915 86.756 86.242 85.524 84.617 83.539 82.309 80.946 79.471 77.906 38.459 36.566 34.655 32.747 30.864 29.024 27.247 25.552 23.955 22.472 1.835 0.162 -0.889 -1.793 -2.544 -20.417 -31.498 -31.752 -31.862 -31.830 -31.660 -31.360 -16.333 -15.705 -14.969 -14.141 -13.235 6.277 7.410 8.563 9.715 10.843 11.929 12.953 13.894 14.736 15.462 16.057 16.508 16.804 16.936 61.250 60.715 60.021 59.173 58.180 57.049 77.012 40.814 39.294 37.650 35.893 34.034 30.103 27.878 25.583 23.234 20.848 18.440 16.028 13.630 30.022 27.909 63.417 61.735 60.154
47.903 45.981 44.211 42.609 38.757 37.571 36.595 33.795 33.301 15.585 15.541 15.790 1.270 2.089 3.229 4.690 6.465 8.546 10.920 13.568 16.469 19.599 22.929 26.427 30.060 33.791 37.584 41.398 45.196 48.939 52.587 65.853 69.190 72.332 91.255 97.319 99.793 101.957 107.758 109.307 110.501 111.339 111.824 111.963 91.449 90.927 90.104 88.999 87.637 86.043 84.244 82.269 80.149 57.564 20.822 18.395 15.939 13.483 11.051 -6.590 -8.722 -10.766 -35.076 -36.687 -46.535 -54.814 -55.953 -61.889 -56.193 -56.921 -62.368 -62.731 -62.934 -62.977 -62.865 -62.600 -62.189 -61.640 -60.961 -52.066 -41.193 -39.981 -26.519 -25.053 -8.432 -6.815 13.659 15.290 16.800 18.161 64.337 64.835 65.099 65.122 27.862 27.848 27.610 27.147 26.461 25.556 1.231 0.144 20.534 18.723 16.711 14.509 12.129 31.788 29.110 26.341 23.497 20.596 17.656 -21.798 -25.520 4.663 19.768 16.934 52.144 49.962
37.314 34.783 32.400 28.126 26.153 22.697 21.198 2.705 1.627 -13.983 11.927 11.980 12.383 13.149 14.288 15.806 40.831 42.965 51.724 54.554 57.672 61.055 64.674 68.495 49.875 54.339 74.399 78.524 61.310 65.690 78.106 81.831 85.385 88.733 106.975 109.807 129.541 138.119 130.755 138.441 127.714 128.579 114.730 95.175 94.837 94.086 92.946 91.446 89.618 67.301 65.252 62.984 44.187 10.637 7.847 4.985 2.079 -12.953 -15.629 -29.937 -40.158 -48.841 -50.713 -52.479 -59.691 -65.851 -67.158 -68.332 -70.376 -71.295 -74.801 -75.346 -71.238 -71.346 -71.288 -74.561 -74.196 -68.221 -67.450 -59.819 -58.647 -57.353 -55.951 -46.119 -34.297 -20.051 -2.836 42.001 65.144 66.466 67.490 30.553 31.443 7.475 8.142 8.542 8.666 -16.605 -16.630 -37.388 -37.664 -55.123 -81.995 -62.814 -64.317 -66.255 -68.633 -71.453 -62.803 -36.449 -40.368 -25.522 -29.731 10.455 6.724 2.992 -26.369 -30.994 42.755 39.977
27.333 24.195 19.435 15.211 12.643 -6.622 -8.945 0.950 -0.503 -1.629 -2.392 21.437 27.484 28.099 29.113 30.542 32.397 34.681 37.390 40.513 44.030 47.912 52.126 70.982 75.211 91.231 95.276 99.375 103.482 84.584 88.944 76.630 80.944 85.021 88.818 92.293 110.070 112.794 138.040 139.910 148.416 149.288 136.413 127.122 126.606 112.365 74.351 72.885 71.041 52.814 50.655 48.242 28.650 25.412 7.154 3.574 -13.847 -44.411 -53.060 -55.533 -57.936 -69.034 -71.067 -72.989 -74.787 -76.452 -77.975 -79.350 -80.570 -88.236 -121.137 -121.077 -121.904 -101.896 -98.984 -98.948 -98.703 -98.247 -81.222 -80.332 -65.195 -67.789 -53.734 -51.987 -50.147 -3.995 10.082 26.663 46.194 31.425 33.196 9.865 11.343 12.524 -12.359 -50.647 -77.134 -75.275 -73.701 -83.189 -94.563 -104.361 -110.126 -109.969 -93.080 -94.653 -96.916 -99.884 -87.003 -79.814 -84.805 -90.349 -86.512 -92.901 -58.515 -45.647 7.376 -37.179 -42.876 -9.500
-22.273 13.086 9.538 4.980 -14.833 -18.163 -8.829 -11.282 16.487 15.124 14.068 13.367 13.068 13.213 13.839 14.974 16.641 18.849 21.600 24.885 28.682 49.052 53.180 70.705 74.897 79.296 83.851 88.509 93.211 94.125 98.597 102.957 94.560 84.745 88.952 92.830 96.331 108.641 111.451 135.813 144.473 132.836 133.468 133.484 132.901 110.531 109.387 73.354 61.857 59.650 57.102 54.257 16.825 13.140 9.324 -7.810 -37.438 -45.990 -48.610 -59.660 -61.898 -75.824 -91.967 -94.385 -96.663 -98.792 -100.766 -102.580 -104.231 -115.439 -135.062 -136.573 -137.852 -138.965 -139.697 -140.173 -139.919 -139.754 -139.299 -93.036 -92.057 -90.847 -89.406 -87.745 -27.687 -34.016 -21.748 -7.942 2.961 -2.850 12.311 14.389 -32.046 -77.152 -74.072 -82.519 -104.019 -107.549 -104.288 -116.636 -113.799 -111.486 -109.796 -108.819 -108.634 -93.478 -95.615 -98.717 -102.795 -107.842 -113.832 -113.804 -121.487 -114.482 -104.619 -113.474 -112.042 -74.604 -48.966 -55.726
-29.000 4.997 -0.038 -4.054 2.567 -15.922 -15.743 7.380 -14.492 -17.038 -19.238 -21.020 -22.315 -23.059 -23.194 -1.240 0.075 2.052 4.698 26.136 29.504 48.240 51.992 56.112 60.557 70.619 75.191 79.917 84.738 82.264 87.272 92.201 96.984 89.543 80.710 85.205 89.311 92.974 109.008 132.020 124.194 127.054 128.052 128.336 107.551 101.680 101.101 99.985 98.384 63.088 57.782 22.954 19.328 15.542 -1.098 -29.705 -37.998 -59.509 -74.448 -77.129 -79.720 -82.207 -100.028 -102.630 -105.094 -107.417 -109.595 -111.630 -113.522 -126.942 -126.934 -128.588 -130.058 -131.335 -132.277 -133.066 -133.622 -133.230 -133.162 -132.793 -132.099 -131.059 -103.379 -101.829 -56.474 -46.982 -35.286 -33.814 -46.390 -35.142 -21.853 -61.994 -73.716 -95.228 -102.609 -105.156 -116.543 -111.614 -106.870 -102.446 -104.592 -101.102 -98.352 -96.476 -95.590 -95.791 -82.339 -85.556 -90.033 -95.756 -102.689 -110.770 -114.734 -124.846 -129.070 -132.956 -118.839 -130.214 -84.544 -61.386
-74.072 -38.481 -7.069 -27.476 -33.352 -38.175 -17.336 -21.228 -24.965 -28.459 -31.618 -34.346 -36.549 -38.139 -39.036 -39.173 -38.497 -36.974 -34.587 9.462 29.009 32.239 35.946 46.571 50.700 55.145 59.857 64.782 69.860 68.039 73.460 78.855 84.153 89.279 82.763 74.879 79.609 83.900 87.686 93.679 115.140 122.859 122.523 141.898 117.291 97.260 97.038 96.241 94.927 93.157 60.251 23.722 21.557 17.916 -39.738 -48.363 -58.866 -64.026 -80.076 -82.729 -85.293 -87.757 -90.113 -92.354 -94.478 -96.488 -98.393 -100.202 -101.929 -114.840 -115.213 -116.964 -118.611 -120.147 -121.558 -122.364 -123.392 -123.281 -123.778 -123.991 -123.875 -123.389 -122.502 -71.790 -70.928 -50.403 -62.818 -68.810 -60.282 -40.108 -99.007 -102.340 -134.628 -135.633 -130.452 -111.026 -104.824 -105.101 -98.858 -92.888 -87.388 -82.563 -78.615 -75.734 -74.085 -73.802 -59.949 -63.366 -68.365 -74.915 -82.951 -92.377 -103.073 -114.907 -127.732 -136.410 -146.546 -143.743 -139.017 -132.921
-131.252 -42.621 -28.046 -20.683 -39.145 -19.893 -24.666 -29.457 -34.168 -38.693 -42.914 -46.707 -49.951 -52.529 -54.335 -55.279 -55.290 -54.317 -31.352 -29.038 -8.470 23.362 26.485 30.051 49.264 53.235 57.507 62.042 82.389 77.499 82.507 87.598 92.700 97.737 102.621 96.195 88.276 92.859 86.209 93.463 101.436 131.034 133.196 112.582 95.824 91.156 91.482 91.202 90.388 89.107 28.616 13.596 -5.772 -9.536 -48.851 -59.321 -66.108 -68.306 -70.434 -72.484 -74.448 -76.317 -78.086 -79.754 -81.328 -82.822 -84.258 -85.664 -87.071 -99.342 -100.127 -101.918 -103.725 -105.542 -107.350 -109.115 -109.919 -111.425 -111.399 -112.399 -113.068 -113.342 -113.166 -64.571 -64.431 -64.025 -82.248 -63.503 -55.336 -90.907 -126.120 -163.776 -166.797 -176.013 -168.414 -141.104 -139.081 -114.097 -91.298 -83.266 -71.725 -65.085 -59.491 -55.214 -52.490 -48.412 -49.352 -30.519 -36.304 -43.943 -53.308 -64.234 -76.536 -90.019 -104.488 -121.978 -138.157 -142.645 -141.816 -149.068
-161.086 -96.703 -48.810 -39.200 -32.226 -38.428 -44.828 -51.328 -57.805 -64.117 -70.110 -75.620 -80.481 -84.536 -87.639 -89.665 -90.513 -90.113 -48.648 -24.787 15.594 17.439 19.769 47.394 50.105 53.135 56.479 60.130 64.075 59.353 64.268 69.392 74.660 79.993 85.299 90.476 72.628 77.949 70.090 108.453 143.201 158.582 160.903 133.679 112.485 113.873 84.724 85.158 85.049 83.117 53.969 0.894 -21.955 -25.215 -54.893 -55.641 -57.130 -58.542 -59.877 -61.131 -62.297 -63.370 -64.347 -65.234 -66.046 -66.813 -67.576 -68.388 -69.305 -80.833 -82.489 -83.812 -85.759 -87.881 -90.151 -92.521 -93.580 -95.940 -96.418 -98.415 -100.078 -101.308 -102.028 -53.140 -53.914 -54.327 -90.082 -85.210 -78.461 -126.396 -153.936 -170.985 -181.459 -174.096 -164.732 -155.551 -145.470 -116.102 -105.220 -78.112 -35.909 -27.295 -28.321 -33.599 -29.502 -22.283 -22.707 -38.782 -27.429 -35.494 -45.674 -51.398 -51.040 -66.445 -82.772 -101.500 -124.576 -143.145 -150.001 -143.689
-208.744 -89.988 22.880 -11.861 5.807 -42.170 -49.362 -56.796 -64.335 -71.817 -79.059 -85.864 -92.032 -83.325 -87.410 -73.281 -74.914 -47.095 -46.841 -22.311 -10.138 -8.603 -6.521 -3.931 24.587 27.390 38.379 41.322 44.627 39.828 44.407 49.351 54.609 60.111 65.759 71.440 51.717 58.130 68.798 74.704 124.085 139.562 125.714 87.645 91.040 93.575 95.334 103.004 103.599 74.947 44.611 -15.068 -17.279 -19.449 -47.149 -54.631 -55.195 -48.394 -48.771 -49.060 -49.258 -49.358 -49.359 -49.272 -49.122 -48.956 -48.842 -48.863 -49.111 -59.822 -61.176 -40.369 -34.158 -36.467 -39.207 -62.951 -66.224 -67.091 -69.032 -74.013 -77.014 -94.154 -96.061 -43.087 -44.997 -46.425 -82.005 -81.763 -92.049 -141.462 -176.346 -171.254 -171.666 -170.196 -161.255 -144.118 -132.763 -95.269 -85.566 -56.562 -59.288 -34.301 -26.293 -15.845 -25.849 -22.432 -25.753 -27.420 -7.390 -15.587 -29.932 -37.693 -53.505 -63.992 -82.436 -88.053 -120.312 -141.306 -162.435 -163.012
-167.512 -108.028 -7.027 -14.166 2.056 -2.331 -7.197 -12.482 -18.093 -65.944 -58.585 -65.889 -52.980 -77.001 -82.024 -85.950 -88.625 -60.570 -61.062 -24.284 -24.009 -23.165 -21.811 -19.999 7.723 9.594 11.768 14.309 17.279 12.647 23.596 28.121 33.174 38.694 44.590 49.477 46.038 41.864 49.386 48.766 89.737 103.536 108.696 67.506 65.523 69.258 86.999 83.766 83.996 56.006 56.506 -7.365 -8.520 -12.093 -39.631 -46.195 -45.720 -45.133 -37.467 -36.664 -35.761 -34.750 -33.626 -32.401 -31.112 -29.825 -28.637 -27.673 -6.419 -5.367 -5.869 -10.474 -12.517 -15.334 -18.847 -22.385 -26.447 -25.942 -24.825 -56.737 -61.224 -65.082 -68.164 -32.545 -35.697 -38.213 -73.398 -73.937 -112.685 -154.638 -170.728 -171.956 -165.707 -141.760 -132.030 -96.125 -86.552 -68.850 -61.968 -54.329 -58.821 -50.081 -18.397 -5.904 -2.512 -4.010 2.568 1.114 1.805 4.760 -6.626 -26.032 -59.806 -65.874 -81.891 -100.196 -115.371 -138.025 -140.058 -145.028
-167.425 -101.183 -16.217 -16.291 -1.237 -5.755 -10.845 -1.247 -6.404 7.925 3.104 -24.874 -31.221 -37.093 -42.257 -46.516 -49.716 -45.968 -24.921 -15.666 -16.215 -36.129 -35.544 -34.595 -33.321 -7.017 -6.046 -4.744 -2.980 -8.261 -4.580 -0.143 5.071 8.046 20.349 41.510 11.208 12.873 21.901 24.754 54.892 54.920 62.087 40.547 45.014 48.357 50.589 48.159 35.486 37.344 54.200 31.997 -4.029 -3.368 -37.812 -44.205 -39.331 -34.851 -33.032 -24.312 -22.227 -20.014 -17.662 -15.179 -12.609 -10.040 11.872 14.548 22.852 18.237 18.183 16.974 12.029 10.259 5.583 0.014 1.376 1.057 -6.505 -13.448 -19.822 -50.376 -54.795 -15.265 -19.497 -29.991 -64.544 -65.864 -103.304 -127.907 -150.133 -161.871 -161.781 -154.025 -97.485 -88.156 -73.394 -63.706 -54.384 -49.500 -43.169 -15.355 -0.245 12.500 30.407 47.933 49.587 47.664 39.403 12.997 9.194 -2.171 -19.816 -54.543 -77.789 -89.979 -93.375 -110.364 -128.482 -152.175
-160.025 -126.925 -5.724 -24.083 -5.024 4.109 16.158 12.598 8.366 22.393 18.145 13.620 -36.985 -43.862 -49.994 -55.138 -59.109 -34.768 -3.509 -5.194 -6.635 -26.899 -27.467 -47.217 -57.594 -34.389 -33.966 -33.321 -32.276 -36.637 -33.636 -29.735 -29.092 -15.858 6.121 13.500 -10.720 -13.939 -7.659 6.592 23.838 34.149 43.118 27.383 32.660 39.298 44.782 49.310 28.840 31.795 34.630 24.714 2.450 4.851 -30.642 -36.305 -33.412 -30.408 -27.331 -18.993 -15.814 -5.599 -1.972 1.838 5.782 28.485 32.943 42.764 46.062 45.300 49.257 48.196 46.494 42.138 36.269 29.169 21.210 19.848 18.561 9.536 1.256 -5.954 -41.726 -5.894 -11.342 -15.745 -55.713 -45.470 -89.206 -118.143 -139.849 -151.555 -151.919 -118.845 -110.516 -103.254 -63.433 -67.953 -44.643 -38.850 -19.290 7.098 23.712 39.662 47.765 74.392 74.122 72.023 65.662 55.233 45.044 21.270 1.519 -16.301 -48.693 -71.591 -86.565 -102.876 -119.113 -139.474
-148.184 -128.443 5.457 19.251 36.479 29.353 12.456 9.080 21.754 17.924 13.498 8.670 3.687 -48.989 -56.080 -62.102 -66.823 -42.377 -10.375 -12.262 -13.972 -15.717 -32.244 -33.641 -68.642 -46.500 -47.493 -48.414 -48.995 -48.955 -58.463 -55.471 -51.170 -31.984 -25.476 -28.705 -39.204 -49.862 -38.964 -12.860 9.151 20.066 29.926 15.616 25.198 33.242 39.925 29.618 25.864 29.922 33.921 23.709 8.733 9.976 -18.872 -29.115 -24.992 -20.771 -16.503 -12.192 -7.798 -0.820 12.971 18.115 41.426 47.561 58.962 68.141 71.234 74.300 83.044 71.133 67.966 56.443 49.689 49.996 40.241 37.772 35.130 23.984 13.789 4.922 -2.383 7.158 -3.861 -9.147 -30.128 -38.944 -80.598 -113.192 -129.570 -141.316 -127.340 -121.738 -107.821 -80.927 -78.170 -45.455 -47.070 -25.284 8.130 30.768 50.893 59.502 73.448 72.011 88.977 98.543 100.570 87.874 71.439 62.089 30.020 1.362 -20.006 -43.755 -79.680 -92.148 -112.216 -130.590
-142.651 -107.724 30.904 30.555 10.478 43.527 51.003 40.832 17.843 14.228 9.838 4.864 -0.418 -5.676 -60.429 -67.348 -72.822 -48.388 -15.739 -17.682 -35.431 -36.782 -38.357 -40.358 -42.875 -64.299 -42.733 -61.055 -63.453 -71.404 -76.699 -60.406 -57.957 -53.679 -65.856 -61.302 -81.307 -71.059 -55.883 -35.412 -14.794 -6.172 18.078 7.936 19.169 28.562 36.333 26.339 23.457 28.478 33.519 24.459 11.370 16.372 -8.169 -22.677 -17.369 -11.987 -6.596 -1.198 4.263 9.883 15.760 51.321 57.781 74.201 86.718 94.368 83.003 94.100 95.718 94.796 91.179 77.652 69.625 59.890 49.013 44.943 49.987 36.766 24.747 14.347 34.169 48.718 31.246 23.754 -24.190 -32.878 -63.846 -110.251 -132.522 -141.968 -119.230 -110.500 -87.711 -79.877 -57.274 -69.525 -34.012 -9.230 26.162 33.232 59.537 87.576 104.431 116.124 109.436 108.316 124.330 121.004 101.068 91.399 64.051 35.581 3.010 -28.688 -64.241 -88.704 -99.521 -135.302
-145.497 -102.757 8.001 23.679 5.898 25.637 44.809 58.146 59.155 33.408 7.300 2.331 -3.172 -8.811 -63.053 -70.925 -77.186 -52.917 -41.912 -37.963 -39.261 -40.580 -42.302 -44.719 -47.983 -52.077 -50.486 -56.305 -68.171 -73.140 -76.886 -77.944 -76.970 -73.716 -86.625 -84.601 -105.255 -88.740 -71.557 -52.736 -37.482 -17.274 0.798 -7.075 14.948 25.570 17.066 24.117 21.739 27.526 33.422 7.229 13.210 19.859 10.805 -12.624 -10.586 -4.149 2.246 8.601 14.995 21.558 51.522 63.066 84.470 98.379 94.274 102.605 110.349 115.042 117.135 116.200 112.056 96.488 87.126 75.808 63.228 58.126 52.451 83.124 65.304 49.993 37.571 28.155 32.204 29.283 14.096 -2.120 -32.147 -98.801 -126.918 -114.761 -109.848 -92.262 -81.673 -74.122 -67.282 -60.659 -58.561 -15.062 24.783 53.058 89.933 115.363 134.034 147.682 141.128 140.329 132.542 140.806 127.763 98.915 97.990 58.654 20.739 -15.426 -44.638 -76.413 -98.694 -132.457
-118.217 -4.798 32.575 35.221 0.557 0.380 48.611 51.847 54.094 55.117 54.837 25.171 -4.555 -10.601 -16.461 -72.975 -80.090 -85.079 -45.126 -40.587 -41.584 -42.634 -44.251 -46.840 -50.637 -55.663 -37.966 -69.564 -77.245 -62.124 -69.511 -81.813 -83.543 -111.821 -109.300 -104.618 -122.443 -110.916 -104.399 -73.382 -48.694 -25.561 -4.871 -11.567 3.533 15.932 15.417 23.074 20.785 27.082 33.592 7.422 14.679 22.753 35.354 5.752 11.425 19.665 28.045 36.588 24.215 31.835 69.228 79.436 90.228 104.164 115.021 115.043 127.504 132.977 135.439 134.389 129.629 121.304 101.325 88.453 83.855 78.000 99.303 78.518 69.605 47.005 34.093 24.402 37.173 25.919 19.923 -1.816 -3.767 -66.560 -87.888 -103.942 -103.505 -87.279 -56.806 -57.825 -92.954 -74.286 -50.398 -25.571 19.840 71.988 112.272 122.122 147.909 154.597 164.117 149.947 148.157 140.292 117.444 112.185 104.801 81.033 40.378 1.735 -32.961 -69.562 -98.439 -113.586
-100.512 36.469 38.511 37.900 36.492 12.600 22.006 45.687 49.458 51.794 52.502 51.645 49.536 15.423 -17.656 -73.720 -81.780 -87.390 -63.270 -42.223 -42.726 -43.258 -44.487 -46.958 -51.012 -63.331 -45.162 -73.519 -58.968 -70.021 -79.678 -93.906 -97.361 -119.859 -123.045 -121.200 -144.568 -140.664 -116.465 -84.595 -56.792 -30.685 -7.366 12.351 2.809 -7.311 3.268 12.029 20.619 27.132 33.970 7.352 29.540 38.120 38.002 21.660 15.297 24.319 33.458 45.085 58.223 69.206 78.589 89.470 96.865 108.260 127.484 139.621 148.728 150.979 149.824 148.522 143.045 133.603 111.471 97.146 91.777 129.137 104.699 68.651 50.612 43.895 30.458 20.492 36.500 23.230 18.225 -4.599 6.653 -62.092 -82.245 -74.412 -88.250 -83.529 -86.345 -83.040 -88.520 -69.151 -47.596 -3.015 30.726 47.000 102.900 132.509 158.325 179.722 188.793 173.225 167.492 140.068 117.546 102.154 116.850 94.901 51.059 9.081 -30.655 -47.844 -73.770 -97.647
-102.786 21.188 22.379 30.159 38.558 23.719 21.690 55.409 45.322 49.185 50.995 50.752 48.801 45.769 42.425 -45.843 -82.541 -88.824 -64.655 -43.220 -43.049 -42.816 -43.361 -45.394 -56.158 -62.120 -44.984 -48.122 -61.655 -74.887 -86.744 -96.247 -125.494 -137.315 -138.425 -146.705 -174.246 -151.637 -123.609 -92.393 -61.486 -32.426 -6.532 15.208 -21.104 -7.369 3.516 12.283 7.069 14.570 2.892 21.497 29.631 39.004 49.178 29.062 21.469 29.144 41.677 52.382 63.379 96.417 109.695 96.570 104.035 116.012 118.810 148.970 158.720 165.481 168.264 162.005 151.627 141.041 126.890 101.386 143.998 121.937 93.499 64.772 46.239 30.721 23.587 14.038 11.263 15.499 14.308 -2.848 3.934 -57.083 -77.838 -71.301 -101.431 -86.006 -85.509 -82.978 -89.122 -69.427 -45.017 -0.057 21.034 64.165 97.616 142.517 161.097 181.761 195.965 183.961 162.330 156.174 137.075 103.922 104.088 78.386 56.871 14.812 -9.812 -38.453 -82.511 -101.771
-101.385 4.624 4.865 20.721 23.789 12.793 26.012 47.538 41.660 47.236 50.239 50.581 48.643 45.190 41.209 -12.869 -19.737 -78.238 -65.628 -43.910 -42.903 -41.673 -41.247 -49.397 -52.787 -58.778 -14.934 -29.287 -61.559 -76.735 -90.635 -120.946 -140.209 -151.931 -168.933 -175.568 -180.342 -156.679 -124.940 -88.584 -53.610 -30.721 -2.367 21.241 -19.779 -5.620 5.257 13.712 7.126 14.359 16.958 4.384 13.936 38.862 56.880 57.034 26.199 32.718 43.657 54.722 66.069 99.189 112.700 113.761 108.053 120.267 133.689 144.784 164.048 170.861 173.357 170.848 163.180 146.845 127.849 101.423 137.767 116.379 83.326 61.422 42.239 26.325 18.674 9.178 6.409 7.884 3.831 9.786 7.385 -55.774 -83.301 -78.496 -75.964 -79.003 -72.948 -89.283 -87.206 -71.401 -47.510 -10.577 21.204 66.270 89.791 126.506 188.677 212.377 224.723 214.944 186.296 169.008 133.185 127.913 94.286 65.029 33.040 41.596 -9.651 -40.080 -85.383 -109.351
-76.764 -13.285 -14.077 -9.638 -0.704 11.565 16.188 39.212 52.515 45.797 50.048 50.929 48.850 44.734 39.812 35.345 -20.991 -48.500 -36.107 -40.748 -42.587 -40.158 -45.442 -45.410 -48.009 -28.655 -10.871 -25.958 -58.883 -75.688 -91.396 -123.693 -156.361 -174.658 -173.195 -206.425 -186.908 -173.870 -127.556 -88.314 -51.766 -14.295 17.605 26.752 15.593 14.723 24.438 31.341 25.172 28.109 -6.011 -1.692 11.729 22.760 40.522 56.613 30.237 30.190 43.468 54.711 66.238 99.042 112.524 113.858 133.049 121.065 134.225 145.204 154.092 159.622 173.050 169.662 163.064 149.083 131.337 182.666 126.938 96.859 69.944 49.282 31.327 16.549 10.122 2.390 -0.063 2.052 -1.355 1.834 -1.941 -47.829 -68.695 -75.560 -75.976 -79.424 -74.592 -95.105 -90.297 -73.902 -55.128 -16.381 14.889 55.611 97.465 185.414 227.573 278.850 278.582 248.296 219.974 172.455 133.568 134.819 95.693 57.843 64.773 22.376 -24.205 -44.189 -91.856 -116.023
-66.506 -32.579 -34.468 -29.731 -6.955 9.637 5.957 30.879 46.867 59.471 50.163 51.519 49.153 44.158 38.033 32.348 -22.812 -49.822 -51.595 -12.622 10.443 9.568 -17.734 -40.722 -15.984 -22.685 -5.633 -20.972 -53.912 -71.966 -108.006 -132.284 -162.087 -176.332 -175.443 -209.611 -189.497 -161.288 -126.470 -84.585 -45.378 6.880 44.664 37.463 57.020 28.159 37.183 42.809 26.804 42.166 -8.412 11.002 25.168 35.516 47.206 59.635 36.148 22.578 38.498 52.325 63.912 96.057 109.304 110.909 129.751 110.611 131.137 141.606 149.840 155.502 155.225 165.201 154.875 139.723 109.329 183.772 116.407 87.181 63.752 40.486 22.728 8.198 -2.872 -7.582 -15.289 -17.132 -13.573 -4.733 -4.969 8.392 -62.506 -69.353 -76.756 -66.373 -77.136 -101.228 -94.437 -78.935 -68.005 -22.145 2.306 93.700 153.461 201.763 265.083 281.088 293.526 308.708 264.491 199.334 147.625 140.069 96.662 76.132 50.917 10.018 -37.670 -73.318 -101.685 -126.230
-65.015 -53.249 -56.263 -51.136 -25.884 -4.842 -4.722 22.425 41.151 42.706 50.285 52.040 49.264 43.223 35.700 28.592 -25.266 -51.639 -53.342 -20.636 5.103 9.604 50.262 22.474 -6.088 -7.054 -16.709 -30.233 -61.348 -106.270 -115.225 -137.936 -158.750 -174.157 -196.002 -208.554 -201.877 -158.175 -121.860 -77.635 -19.507 18.379 18.916 50.074 70.064 35.567 43.545 46.320 63.253 42.948 32.552 18.120 25.991 31.422 42.439 54.421 38.067 17.106 27.728 22.674 33.357 90.431 92.158 107.969 127.075 138.377 126.090 135.564 142.574 145.736 144.004 136.931 141.558 125.321 175.140 126.149 115.166 78.613 54.819 33.339 13.494 -12.793 -21.847 -25.457 -24.833 -26.105 -12.641 -7.876 1.648 -11.397 -58.480 -66.889 -74.941 -69.216 -80.321 -85.783 -77.815 -62.615 -43.567 -23.298 32.393 102.701 204.706 260.714 282.409 326.346 343.663 341.886 293.419 251.739 167.894 149.820 96.047 87.458 42.448 1.031 -56.620 -94.621 -134.652 -145.438
-93.209 -75.202 -79.322 -73.692 -58.870 -10.107 5.933 13.773 35.301 52.731 64.238 52.187 48.908 41.724 32.699 24.060 -28.324 -53.887 -65.457 -47.303 2.499 77.804 53.748 54.186 50.523 73.349 59.242 -2.860 -55.437 -100.830 -124.504 -129.958 -151.872 -167.816 -180.215 -189.809 -176.047 -139.816 -130.090 -70.206 -8.229 -2.538 31.229 58.336 111.487 87.917 86.072 70.054 67.536 52.077 30.932 34.040 21.788 30.320 40.652 52.325 53.706 20.816 18.742 30.115 23.230 61.400 63.218 74.039 85.631 128.566 116.910 125.130 130.734 132.328 128.905 120.133 83.832 59.871 95.818 91.970 69.575 27.496 18.811 1.336 -13.636 -25.813 -34.873 -37.457 -35.133 -35.480 -22.454 -11.230 6.229 -18.233 -69.327 -67.399 -76.831 -72.383 -60.772 -90.997 -84.656 -76.276 -53.601 -9.760 90.185 163.758 188.889 247.171 299.037 348.939 372.625 398.601 363.934 316.375 253.635 159.092 99.776 85.187 32.481 -10.332 -82.633 -107.864 -153.523 -180.619
-122.887 -104.147 -105.689 -97.117 -80.130 -35.322 -6.540 4.903 29.200 48.679 48.673 51.700 47.864 39.514 28.987 18.823 -39.086 -65.534 -67.476 -8.663 51.510 45.327 50.894 53.484 52.118 75.407 76.796 66.681 20.414 -39.788 -74.336 -95.442 -103.571 -152.472 -192.648 -187.070 -160.407 -130.423 -85.300 -23.512 -4.381 -1.593 95.679 128.181 167.436 206.410 123.915 85.756 79.799 54.869 28.681 30.298 34.214 23.540 32.288 42.658 57.559 18.714 8.895 20.520 32.665 49.009 54.653 65.199 76.022 85.293 66.381 66.471 63.353 56.254 44.945 0.497 -16.163 -19.760 57.062 43.402 24.352 6.429 -13.633 -20.743 -27.728 -39.271 -47.895 -50.854 -47.489 -47.175 -44.364 -2.631 3.199 -7.064 -35.052 -57.749 -65.295 -52.115 -66.987 -96.624 -96.440 -98.532 -60.390 -27.959 80.870 156.189 216.910 343.636 337.223 261.857 238.422 209.826 235.128 301.813 230.127 211.939 148.386 84.781 23.006 -23.228 -96.281 -134.797 -171.869 -204.002
-148.630 -130.791 -137.934 -126.992 -103.879 -51.955 3.694 -4.122 22.806 44.181 46.558 33.779 45.986 36.528 24.602 11.194 -42.671 -67.728 -69.412 14.056 18.104 39.437 46.801 51.594 56.831 90.651 88.350 62.072 30.010 -37.119 -60.319 -59.278 -111.655 -146.072 -174.676 -171.685 -130.556 -98.803 -45.706 -4.042 21.217 31.713 67.801 174.694 217.282 247.384 156.753 115.391 101.460 74.911 48.638 25.862 28.030 15.641 22.411 31.093 44.155 50.255 2.307 9.246 22.005 38.936 45.128 47.766 65.616 74.024 90.688 54.760 49.709 40.460 0.364 -16.917 -35.297 -38.616 36.822 13.401 6.378 -10.231 -25.205 -41.063 -47.130 -52.792 -61.184 -63.983 -59.354 -62.118 -51.940 -11.304 -1.408 6.991 -7.132 -45.250 -45.237 -42.757 -30.667 -98.034 -110.278 -107.511 -57.124 11.989 94.147 267.927 319.520 182.612 143.556 138.272 136.035 135.557 117.418 124.334 190.278 199.375 170.921 76.169 13.841 -49.984 -109.458 -150.450 -205.796 -221.253
-181.074 -157.806 -165.757 -156.775 -132.196 -81.657 -14.052 14.029 16.160 39.196 54.152 32.705 43.221 32.215 18.425 -31.330 -46.266 -39.053 -0.824 5.123 -2.574 24.635 45.630 57.184 100.952 98.739 81.608 68.355 39.623 5.008 -24.857 -73.144 -89.391 -156.657 -169.301 -138.212 -115.613 -84.201 -32.084 -9.612 35.520 78.981 112.054 213.641 234.248 264.332 162.839 131.461 83.544 72.494 63.249 40.713 21.172 6.837 11.286 17.950 28.816 59.456 1.649 -3.443 10.211 39.673 35.027 38.149 54.893 62.465 77.097 43.051 36.152 12.369 -14.335 -33.427 -45.511 -51.695 11.993 -5.475 -21.581 -25.918 -39.544 -54.289 -64.643 -65.773 -74.207 -77.025 -71.208 -74.055 -48.501 -39.030 8.514 11.767 -4.088 -29.872 -50.451 -52.625 -38.974 -71.192 -93.351 -81.700 -55.966 8.813 174.295 196.963 101.147 91.968 101.900 123.326 135.090 137.791 123.837 103.942 87.775 119.312 145.053 74.815 9.484 -60.892 -118.182 -161.853 -222.267 -253.830
-236.350 -197.329 -193.025 -182.730 -155.373 -95.115 -14.729 38.330 11.108 36.320 52.505 30.614 21.539 27.798 13.080 -5.978 -18.778 -7.489 -6.868 -24.606 -5.665 24.539 48.090 57.531 95.992 88.600 84.403 74.200 35.543 16.594 9.659 -58.134 -96.365 -144.034 -151.874 -119.123 -99.462 -54.621 -45.595 4.193 48.907 92.043 148.467 176.240 247.017 276.623 214.144 114.510 80.332 68.223 57.964 50.583 31.828 14.176 -0.760 3.624 12.026 36.467 -6.578 -13.110 -2.344 27.051 17.912 28.569 44.304 51.124 63.743 31.904 23.351 -9.461 -27.554 -48.118 -54.349 -67.452 -5.939 -22.462 -37.294 -50.264 -61.805 -63.631 -76.101 -81.792 -86.409 -89.448 -76.941 -78.093 -53.542 -24.741 2.410 5.248 -11.267 -7.212 -57.315 -59.115 -51.420 -78.730 -76.918 -88.911 -59.588 41.925 154.371 57.452 55.190 73.214 100.448 117.975 127.739 132.345 124.592 104.416 73.945 71.546 96.973 75.399 -7.738 -86.360 -130.629 -177.425 -251.614 -267.704
-224.030 -222.241 -230.918 -207.110 -176.933 -112.758 -44.693 26.178 44.675 37.508 56.173 30.375 19.338 28.864 36.548 -10.067 -22.137 -10.019 -9.608 -29.573 -18.035 3.195 40.421 51.900 82.028 87.145 86.517 79.467 45.060 40.168 -4.136 -43.063 -79.648 -133.378 -112.996 -101.062 -82.726 -39.959 -31.718 17.251 60.754 142.583 180.747 183.749 254.535 256.639 216.228 142.641 74.358 61.860 51.274 43.380 38.460 4.453 -13.359 -11.431 -4.866 12.303 26.284 -17.899 -15.239 -5.102 19.267 19.379 34.246 40.436 51.156 21.782 -3.831 -19.378 -38.625 -60.214 -66.682 -76.165 -21.182 -36.607 -50.129 -61.823 -72.400 -82.728 -93.231 -95.635 -97.243 -100.712 -81.891 -67.241 -31.024 -31.007 -25.152 -0.666 3.136 5.780 -64.724 -67.087 -72.523 -78.850 -92.091 -79.990 -63.031 71.079 46.109 3.608 29.729 61.131 88.688 106.629 118.158 121.839 117.774 104.397 76.828 39.189 51.831 51.104 -5.887 -94.556 -151.774 -201.189 -303.408 -240.901
-237.884 -272.967 -244.582 -256.184 -207.626 -133.035 -56.036 13.075 64.235 30.511 68.541 66.314 43.853 30.154 13.054 -12.298 -26.755 -18.713 -18.910 -35.433 -24.169 -3.417 23.274 45.675 76.429 84.986 87.904 84.008 53.723 48.841 7.435 -28.480 -85.830 -110.838 -94.406 -82.970 -62.146 -51.173 -18.379 29.063 70.573 149.318 185.754 186.511 198.509 250.976 185.393 152.106 65.306 53.223 43.142 35.469 30.195 12.554 -26.115 -26.724 -23.375 -12.170 1.705 -28.231 -21.426 -16.279 8.933 10.883 19.276 30.741 39.747 13.024 -10.936 -27.179 -47.061 -69.145 -72.275 -85.934 -32.953 -47.177 -59.427 -70.003 -79.857 -90.056 -101.091 -112.775 -118.695 -106.558 -74.705 -68.003 -34.954 -36.489 -35.986 -5.942 -2.641 -0.841 -51.072 -78.907 -81.003 -77.267 -93.089 -68.669 -30.844 43.010 -26.223 -8.059 18.479 46.414 74.146 93.472 111.647 111.368 109.083 97.157 75.014 40.226 26.833 26.764 -9.955 -101.919 -160.523 -212.095 -322.675 -247.998
-258.446 -295.191 -305.801 -249.991 -189.773 -108.500 -15.994 39.341 90.276 100.418 59.807 58.149 37.143 23.128 5.811 -56.138 0.363 -26.134 -45.989 -40.393 -29.772 -9.912 4.593 55.140 70.319 82.151 88.510 81.718 61.279 56.479 17.955 -11.370 -68.474 -63.445 -83.982 -65.455 -76.970 -32.894 -6.012 39.270 113.699 152.422 186.162 184.115 193.203 242.954 174.385 140.050 81.154 42.222 33.580 26.959 21.977 18.376 -38.623 -41.752 -44.320 -36.080 -22.232 -5.688 -39.402 -26.717 -0.497 3.319 11.909 22.267 29.790 5.833 -16.214 -32.645 -52.593 -67.826 -74.465 -91.618 -40.741 -53.709 -64.790 -74.466 -83.878 -94.247 -106.103 -118.687 -126.491 -110.527 -50.752 -28.969 -37.943 -41.597 -42.866 -29.328 -5.206 5.891 3.799 -89.327 -95.835 -93.788 -106.739 -84.179 -8.008 -30.484 -51.443 -19.394 3.792 30.098 58.412 85.920 98.802 99.168 98.904 88.708 71.325 41.648 12.910 15.528 -17.461 -98.512 -164.468 -221.855 -341.391 -241.540
-275.183 -313.141 -323.410 -305.030 -265.385 -81.754 -28.447 25.421 75.883 109.344 90.927 49.711 30.290 16.354 -0.686 -57.297 -35.186 -32.050 -49.195 -44.349 -34.758 -36.833 -13.404 39.300 63.764 78.653 88.286 85.056 76.099 62.851 27.121 -11.084 -32.851 -33.901 -67.309 -78.960 -60.582 -19.055 5.069 47.665 116.862 151.822 181.887 202.827 182.054 152.298 122.436 122.767 100.033 28.876 22.666 17.979 13.984 10.262 -29.839 -56.019 -66.138 -58.595 -44.677 -33.696 -49.084 -32.712 -8.773 -3.147 5.696 15.136 21.423 -7.454 -19.641 -35.746 -55.175 -58.036 -76.938 -93.085 -44.341 -56.037 -66.095 -75.127 -84.391 -95.201 -108.103 -122.197 -131.717 -72.621 -56.134 -27.721 -39.435 -45.947 -48.686 -36.087 3.531 0.800 -2.923 -73.449 -100.811 -110.175 -120.525 -94.070 -10.026 -72.447 -56.063 -33.381 -14.529 11.784 41.483 70.915 84.873 93.280 87.702 79.429 63.756 40.107 4.378 1.406 -15.927 -88.765 -157.017 -249.563 -354.898 -257.789
-287.146 -325.895 -335.669 -315.694 -274.416 -102.625 -38.964 12.766 59.376 93.368 115.004 41.390 23.654 10.145 -36.908 -57.253 -39.260 -59.996 -51.136 -47.284 -53.479 -41.306 2.106 22.485 56.804 74.499 87.197 87.181 79.835 48.491 24.613 4.079 6.847 -1.591 -69.922 -63.396 -45.771 -6.586 20.783 54.187 117.404 147.686 173.138 189.835 153.443 130.522 98.138 100.467 80.369 35.686 10.546 8.677 6.372 3.041 -18.343 -71.469 -85.417 -78.962 -64.880 -54.433 -31.539 -36.767 -15.720 -8.420 0.683 9.368 14.661 -9.688 -21.327 -36.619 -54.972 -58.163 -75.612 -90.498 -43.848 -54.286 -63.497 -72.154 -81.547 -93.019 -107.099 -122.764 -114.752 -14.225 -82.321 -25.086 -39.743 -48.795 -53.967 -42.509 -21.607 -4.032 11.277 -23.120 -114.013 -126.901 -123.962 -91.007 -38.007 -85.249 -65.704 -51.537 -33.002 -6.637 23.888 55.474 70.496 80.557 76.001 69.738 55.889 36.481 7.257 -8.589 -19.617 -85.172 -157.305 -267.320 -319.515 -269.575
-233.793 -332.728 -341.959 -320.657 -278.153 -123.908 -54.226 1.823 45.401 79.312 97.817 79.291 17.531 4.741 -37.488 -55.991 -41.600 -49.758 -88.701 -62.164 -55.904 -45.778 -10.162 13.942 43.837 69.706 85.233 88.065 82.241 44.641 29.243 55.261 -13.805 -23.877 -55.541 -49.869 -32.856 4.321 29.191 86.563 115.575 140.391 160.397 172.101 98.788 9.356 68.840 73.659 57.079 44.670 15.038 -0.780 -0.730 -3.165 -7.500 -86.568 -102.126 -96.546 -94.954 -72.095 -47.146 -45.780 -27.274 -11.944 -3.156 1.809 9.416 -10.736 -21.489 -35.543 -47.928 -55.256 -70.886 -84.274 -39.630 -48.846 -57.396 -65.936 -75.701 -87.981 -103.268 -115.239 -68.563 -1.212 -2.315 -21.250 -38.974 -50.811 -58.788 -23.080 -27.423 -34.491 7.489 -26.709 -106.652 -150.849 -113.823 -87.452 -66.498 -95.462 -74.184 -65.879 -51.236 -25.383 6.171 40.231 49.827 68.068 64.354 60.074 48.040 27.309 5.537 -15.622 -21.248 -70.595 -157.640 -277.772 -193.015 -169.816
-232.616 -333.168 -341.929 -324.935 -251.488 -189.692 -60.437 -9.704 34.614 69.382 81.473 87.035 36.162 0.297 -37.090 -53.582 -56.866 -65.822 -84.172 -83.241 -79.123 -50.262 -18.626 5.126 28.964 64.315 82.416 87.732 83.323 60.080 52.848 41.501 -2.758 -11.431 -35.909 -38.600 -22.014 13.575 47.240 102.248 124.838 130.486 144.373 143.765 71.815 -19.972 35.429 43.142 30.838 24.284 1.028 -10.202 -7.218 -8.297 -12.638 -100.910 -115.792 -127.105 -110.383 -86.251 -59.570 -34.970 -29.916 -13.429 -5.904 -0.955 2.865 -10.814 -20.416 -31.511 -43.789 -49.851 -63.354 -75.037 -32.276 -40.321 -48.389 -57.046 -67.368 -80.524 -90.650 -53.433 -58.494 -25.065 27.131 -0.934 -37.300 -52.623 -63.227 -26.555 -33.051 -42.871 -27.573 7.970 -64.667 -160.422 -132.194 -92.047 -94.732 -104.408 -87.334 -82.987 -72.785 -47.083 -11.123 25.805 35.361 56.451 53.316 50.870 31.692 21.845 7.597 -23.505 -17.962 -63.870 -139.565 -276.455 -193.909 -168.971
-225.572 -268.406 -335.521 -317.810 -245.208 -185.413 -63.925 -17.032 23.232 54.357 75.158 75.530 72.732 11.303 -50.794 -67.402 -54.504 -63.074 -78.954 -80.054 -79.002 -60.733 -48.588 -7.301 20.634 53.385 74.288 86.251 71.877 51.746 61.194 46.111 5.597 -1.695 -25.965 -29.652 -13.290 21.165 52.870 102.506 119.058 132.793 125.941 97.279 0.465 -51.532 -0.925 9.963 2.520 2.509 7.446 -4.499 -13.011 -12.352 -16.356 -119.475 -144.510 -139.007 -121.823 -96.662 -68.667 -42.711 -27.777 -14.144 -6.293 -2.779 0.611 -10.161 -18.435 -26.266 -38.065 -42.593 -53.734 -63.548 -22.531 -29.466 -37.214 -46.177 -57.181 -71.198 -36.644 -18.856 -46.942 -46.357 36.613 1.222 -20.189 -53.264 -67.351 -29.771 -38.542 -25.418 -35.948 3.045 -62.421 -132.988 -141.941 -97.108 -109.747 -105.721 -96.684 -98.720 -91.152 -65.608 -27.467 12.776 22.297 46.297 56.346 28.745 23.281 15.740 6.210 -26.762 -19.278 -57.041 -144.880 -245.797 -189.579 -162.652
-212.728 -255.297 -327.148 -305.056 -234.416 -177.427 -64.864 -22.071 13.988 41.412 59.513 57.824 58.316 27.412 -33.119 -60.870 -50.995 -59.223 -73.297 -76.573 -78.755 -65.576 -56.594 -39.396 -7.746 20.614 45.903 65.295 66.028 76.129 62.790 48.576 11.370 5.379 9.665 -22.952 -6.618 27.141 57.080 101.585 112.036 118.846 97.212 44.004 -30.343 -84.111 -38.834 -48.819 -26.850 -19.892 -7.610 4.995 -3.693 -15.371 -7.088 -144.336 -152.139 -146.737 -129.155 -103.282 -74.467 -47.728 -26.392 -15.290 -6.090 -3.211 -0.783 -9.014 -14.100 -22.033 -31.357 -34.167 -42.802 -50.637 -57.541 -17.118 -24.680 -34.087 -45.832 -33.839 20.072 -5.196 -8.045 -35.036 45.552 7.476 -16.556 -39.065 -58.239 -32.798 -43.903 -30.257 -43.984 -39.052 -59.727 -111.371 -132.650 -101.329 -119.124 -109.191 -108.734 -113.787 -108.744 -83.112 -42.365 1.653 11.207 38.116 49.853 19.432 15.720 12.367 4.595 -29.416 -21.191 -49.242 -142.084 -101.251 -81.436 -150.843
-194.488 -236.942 -232.638 -260.136 -219.740 -166.313 -71.965 -25.008 6.829 30.613 46.098 36.179 45.757 19.726 4.782 -22.905 -46.662 -54.595 -65.748 -72.911 -69.570 -70.059 -64.309 -49.025 -23.904 12.543 12.882 59.096 124.384 75.320 62.568 49.120 14.793 9.972 15.902 1.141 -1.844 31.589 59.989 99.704 104.239 92.368 75.612 29.386 -55.169 -116.375 -76.780 -84.415 -56.157 -42.096 -22.407 -3.278 10.243 1.917 -3.118 -147.767 -155.793 -150.315 -132.457 -106.250 -77.156 -50.232 -28.768 -23.250 -6.388 -1.596 -2.306 -6.704 -11.436 -17.433 -24.235 -25.243 -31.323 -37.130 -42.591 -4.128 -11.608 -21.541 -6.557 52.926 33.801 8.055 5.140 -23.360 53.419 13.270 -13.084 -38.222 -60.665 -10.567 -22.427 1.367 -17.229 -8.982 -33.070 -97.406 -129.254 -104.444 -132.226 -114.041 -121.087 -127.805 -125.111 -105.678 -61.083 -17.779 2.555 7.356 23.082 11.620 12.862 7.377 4.921 -30.007 -21.703 -43.877 -144.735 -91.310 -67.483 -133.871
-171.577 -214.092 -210.374 -238.850 -201.966 -152.763 -68.354 -26.129 1.584 21.893 34.917 26.546 22.058 13.548 1.477 8.133 -25.763 -49.278 -60.267 -69.132 -69.862 -74.015 -71.454 -58.143 -28.215 21.407 46.634 98.085 120.024 73.076 60.813 48.023 16.187 12.365 19.754 41.519 1.245 45.968 61.704 97.036 86.306 71.732 32.311 2.592 -85.892 -148.326 -106.311 -118.586 -84.265 -63.270 -36.426 -4.875 14.217 1.241 40.556 -147.789 -155.632 -149.952 -131.989 -105.864 -77.050 -50.532 -29.477 -23.020 -4.617 -1.406 -2.739 -6.527 -8.711 -12.842 -17.203 -16.419 -19.995 -23.792 -27.802 8.700 1.236 18.095 78.976 65.315 45.932 20.225 -32.165 -11.972 59.762 22.173 -11.502 -37.425 -62.973 -10.938 -24.338 53.835 -20.275 27.081 -41.019 -138.121 -132.358 -111.880 -139.500 -120.273 -129.616 -140.357 -139.784 -120.448 -72.474 -25.245 -31.841 0.960 18.023 11.133 7.982 7.163 5.708 -31.731 -20.913 -40.554 -125.713 5.119 -49.508 -112.402
-145.004 -162.058 -103.130 -114.148 -181.973 -137.526 -63.176 -25.779 -1.995 15.080 23.452 18.941 -28.431 -48.601 -0.810 -9.889 -4.110 -14.120 -50.258 -61.073 -70.280 -77.343 -74.731 -59.401 -28.332 61.650 53.113 90.168 101.152 69.678 57.830 45.603 15.932 12.910 21.505 75.828 2.907 48.015 62.321 84.466 73.354 41.055 13.717 -21.941 -113.719 -157.519 -141.791 -146.161 -104.962 -77.877 -44.136 -12.266 11.274 56.306 178.408 -94.736 -151.977 -146.023 -128.167 -102.554 -74.564 -49.000 -28.834 -21.703 -8.735 7.774 -0.197 -6.352 -3.828 -6.927 -10.665 -8.192 -8.664 -11.278 -13.875 27.875 52.344 100.252 89.545 75.245 55.924 30.743 -19.390 -1.462 64.245 26.183 -8.678 -36.705 -65.049 -11.404 -26.144 58.992 41.690 -26.469 -66.537 -117.533 -144.948 -121.675 -140.872 -125.368 -136.984 -151.016 -152.296 -132.786 -102.343 -58.589 -37.855 -2.596 23.124 7.410 10.411 16.744 5.486 -33.086 -22.083 -37.837 -99.311 20.218 -28.366 -87.401
-85.525 -132.918 -79.695 -94.690 -90.824 -121.356 -56.939 -27.572 -4.199 9.939 16.781 13.120 -25.317 -42.018 -57.838 -26.140 -4.911 -13.691 -17.213 -37.287 -58.982 -63.856 -58.432 -21.613 23.345 -46.056 15.151 81.809 94.301 45.671 47.198 42.188 14.430 12.001 21.491 77.454 27.547 48.748 44.025 61.796 51.361 29.662 -2.541 -43.334 -137.548 -185.113 -172.834 -175.202 -128.775 -95.631 -55.821 -18.847 8.450 80.896 178.706 22.548 -101.768 -104.352 -121.524 -96.841 -70.172 -46.042 -27.163 -18.293 -5.959 6.565 11.567 -3.360 4.483 4.689 4.565 5.904 10.077 14.255 23.245 82.593 117.475 109.003 97.145 82.372 63.404 67.007 -7.905 7.688 72.678 28.877 -6.485 -36.049 -66.745 -11.926 15.023 63.738 44.641 -29.663 -57.885 -78.071 -141.232 -125.634 -146.241 -126.830 -145.799 -165.620 -172.561 -157.738 -130.831 -65.778 -33.912 6.234 23.241 19.310 28.033 16.166 4.281 -35.643 -20.627 -33.928 -79.115 37.102 -5.145 -60.067
-54.540 -103.010 -56.521 -75.506 -75.323 -104.960 -50.119 -25.041 -5.329 6.198 8.233 -9.896 -21.800 -35.362 -48.177 -57.582 -25.157 -20.860 -15.923 -21.442 -57.964 -63.175 -55.459 -81.206 -115.403 -57.535 4.867 54.313 86.969 41.453 32.792 20.165 -4.392 10.041 20.084 76.754 125.279 28.550 19.467 57.721 44.891 19.967 -16.059 -60.953 -156.536 -207.226 -198.307 -199.034 -148.432 -110.233 -65.465 -24.434 17.537 112.960 175.370 26.253 2.383 -18.655 -88.657 -73.580 -55.021 -37.040 -16.396 0.000 -5.400 5.416 10.080 2.418 7.076 11.652 21.027 33.794 42.192 45.750 72.915 65.336 124.183 114.491 101.612 86.545 68.186 30.038 1.863 15.137 72.822 34.761 -4.944 -40.699 -67.898 -12.451 16.168 67.786 47.301 48.243 -61.857 -102.556 -149.805 -126.303 -149.132 -126.604 -144.348 -163.029 -176.703 -163.444 -134.223 -78.557 -30.022 22.903 56.935 50.584 41.023 14.675 -1.520 -38.064 -20.685 -29.911 -55.396 54.731 18.916 -31.741
-24.200 9.363 -34.498 -57.268 -60.668 -51.695 -43.137 -22.027 -6.462 3.584 5.401 -8.724 -18.204 -29.006 -39.193 -46.607 -21.932 10.189 -35.198 -48.680 -83.208 -100.369 -104.826 -88.030 -124.180 -66.610 -4.003 45.714 78.896 37.157 28.728 16.292 -31.262 -47.517 -52.646 -12.537 61.366 -11.396 -1.595 53.694 39.193 12.042 -26.633 -74.431 -170.145 -230.515 -217.411 -216.886 -188.492 -121.244 -72.798 -28.890 29.331 156.373 168.611 28.771 6.276 -13.803 -26.617 -30.695 -27.782 -21.208 -14.078 0.000 -4.766 3.500 8.551 3.345 8.515 26.521 45.588 70.839 77.211 82.646 80.919 82.735 127.462 116.694 102.976 87.807 70.277 35.557 9.651 46.232 70.879 34.542 -4.009 -39.866 -68.348 -12.916 17.003 70.868 49.455 50.119 -63.988 -95.654 -138.845 -116.132 -150.746 -124.681 -139.295 -158.207 -167.973 -156.715 -108.350 -42.740 -15.952 74.638 96.545 65.710 34.535 18.665 -4.732 -37.949 -18.706 -26.559 -43.008 72.014 42.532 31.480
92.881 32.655 -14.414 -40.547 -47.249 -41.423 2.346 -18.828 -6.221 1.841 -1.937 -7.374 -14.772 -23.210 -31.157 -36.898 11.021 6.983 -31.867 -45.941 -61.674 -99.713 -106.655 -92.350 -129.397 -73.019 -11.251 37.861 104.989 26.135 24.763 12.627 -32.443 -48.800 -54.216 -15.466 -13.238 51.748 -2.511 49.663 34.207 5.846 -34.253 -83.668 -178.165 -240.752 -229.721 -228.325 -197.914 -128.426 -77.674 -23.922 44.277 146.622 158.835 30.053 9.272 -9.502 -21.675 -25.833 -23.578 -17.974 -11.849 0.000 0.000 0.000 7.070 3.813 9.190 19.395 45.441 71.390 79.350 86.349 85.640 87.471 127.408 115.767 101.443 86.376 38.370 38.768 15.372 47.653 67.120 33.102 -3.583 -38.819 -40.393 -63.589 17.483 72.763 54.284 51.491 -64.319 -96.472 -131.635 -112.200 -150.244 -125.817 -132.924 -151.089 -149.640 -129.694 -68.419 -0.480 31.147 110.442 122.924 76.104 33.903 16.092 -3.130 -39.005 -14.229 -22.784 -51.467 87.901 100.832 58.384
114.551 52.619 3.102 -25.785 -35.351 -32.354 2.246 0.877 0.180 0.497 -1.855 -6.009 -11.668 -18.131 0.000 0.000 8.088 4.454 -28.528 -42.763 -59.089 -97.100 -105.991 -162.534 -130.985 -76.676 -16.782 30.859 94.100 22.420 15.529 2.741 -55.518 -81.306 -97.135 -47.137 -16.164 19.060 5.024 45.590 29.843 1.247 -39.076 -88.808 -180.705 -208.882 -235.194 -233.275 -201.812 -131.745 -80.077 -16.533 99.448 134.716 146.609 30.148 11.326 -5.869 -17.178 -21.277 -19.606 -14.930 -9.776 0.000 0.000 0.000 0.000 3.925 9.254 19.368 43.905 69.809 78.932 100.846 87.254 89.065 73.669 112.021 97.365 82.614 58.786 39.850 10.357 47.054 67.251 30.687 -3.537 -37.484 -39.882 -63.338 81.303 73.319 54.922 52.158 2.979 -94.781 -145.033 -109.093 -145.384 -126.799 -127.865 -142.504 -146.194 -114.138 -54.208 27.796 62.495 100.966 135.921 67.571 36.714 11.041 -3.277 -36.007 -7.962 -20.731 -23.604 134.897 120.551 81.913
131.361 68.651 17.610 -13.272 -25.145 -24.571 2.048 0.852 0.232 0.000 0.000 0.000 0.000 0.000 0.000 0.000 5.761 2.541 -3.708 -39.215 -55.638 -68.037 -157.896 -158.248 -129.092 -77.662 -20.614 24.753 83.327 19.058 12.475 0.230 -53.756 -78.789 -80.960 -48.452 -18.493 16.000 104.360 41.460 26.004 -1.949 -41.387 -90.202 -178.159 -209.971 -239.634 -232.003 -200.413 -149.056 -75.079 -6.417 88.330 121.292 132.598 29.184 12.472 -2.955 -13.234 -17.147 -15.973 -12.154 0.000 0.000 0.000 0.000 0.000 -0.273 8.859 18.559 39.427 66.453 76.301 98.114 86.079 87.831 80.773 105.889 91.203 53.966 55.779 39.103 13.617 44.776 60.402 27.577 -3.731 -35.804 -38.805 -22.960 80.125 72.468 54.575 51.978 4.033 -90.866 -113.789 -104.678 -134.766 -124.215 -124.854 -129.721 -134.400 -103.522 -40.360 44.277 80.406 117.344 91.729 51.884 33.061 16.811 -2.798 -33.657 -6.904 -15.836 -14.080 110.522 136.067 188.361

# Top 10 maximum values:
# Index_r, Index_theta, r_value, theta_value, z_value
29, 102, 5.900000, 5.366887, 319.520152
26, 105, 5.300000, 5.523967, 326.346422
28, 104, 5.700000, 5.471607, 337.222621
26, 107, 5.300000, 5.628687, 341.885631
28, 103, 5.700000, 5.419247, 343.635811
26, 106, 5.300000, 5.576327, 343.663127
27, 105, 5.500000, 5.523967, 348.938827
27, 108, 5.500000, 5.681047, 363.934348
27, 106, 5.500000, 5.576327, 372.625027
27, 107, 5.500000, 5.628687, 398.601231

# Analysis of potential symmetric artifacts:
# Found 2 local maxima
# Local maxima (r, theta, z_value, angle_degrees):
5.3000, 5.5763, 343.663127, 319.50°
6.3000, 2.3824, 276.622958, 136.50°

# Potential symmetric pairs (difference close to π):
# Pair 1 and 2: Angles 319.50° and 136.50°
# - Angular difference: 177.00° (π = 180°)
# - Radii: 5.30 and 6.30
# - Z values: 343.663127 and 276.622958

