# Z-Grid Data for Iteration 9
# Shape: (50, 120)
# Min value: -445.11917818244746
# Max value: 525.3392356511689
# Average value: 27.432146011076693

# Radial edges (r_edges):
0.000
0.200
0.400
0.600
0.800
1.000
1.200
1.400
1.600
1.800
2.000
2.200
2.400
2.600
2.800
3.000
3.200
3.400
3.600
3.800
4.000
4.200
4.400
4.600
4.800
5.000
5.200
5.400
5.600
5.800
6.000
6.200
6.400
6.600
6.800
7.000
7.200
7.400
7.600
7.800
8.000
8.200
8.400
8.600
8.800
9.000
9.200
9.400
9.600
9.800
10.000

# Angular edges (theta_edges):
0.000
0.052
0.105
0.157
0.209
0.262
0.314
0.367
0.419
0.471
0.524
0.576
0.628
0.681
0.733
0.785
0.838
0.890
0.942
0.995
1.047
1.100
1.152
1.204
1.257
1.309
1.361
1.414
1.466
1.518
1.571
1.623
1.676
1.728
1.780
1.833
1.885
1.937
1.990
2.042
2.094
2.147
2.199
2.251
2.304
2.356
2.409
2.461
2.513
2.566
2.618
2.670
2.723
2.775
2.827
2.880
2.932
2.985
3.037
3.089
3.142
3.194
3.246
3.299
3.351
3.403
3.456
3.508
3.560
3.613
3.665
3.718
3.770
3.822
3.875
3.927
3.979
4.032
4.084
4.136
4.189
4.241
4.294
4.346
4.398
4.451
4.503
4.555
4.608
4.660
4.712
4.765
4.817
4.869
4.922
4.974
5.027
5.079
5.131
5.184
5.236
5.288
5.341
5.393
5.445
5.498
5.550
5.603
5.655
5.707
5.760
5.812
5.864
5.917
5.969
6.021
6.074
6.126
6.178
6.231
6.283

# Z-Grid matrix (rows = radii, columns = angles):
451.169 450.104 449.068 448.065 447.098 446.169 445.281 438.742 437.945 437.197 436.499 421.781 421.191 420.656 420.179 419.761 419.403 419.107 418.874 418.705 418.599 418.559 418.583 418.673 418.827 419.047 419.330 419.677 420.087 420.557 421.088 421.677 422.324 423.025 423.779 424.583 425.436 426.334 427.276 428.257 429.276 430.329 431.413 432.525 433.662 434.819 435.995 437.184 438.384 439.592 440.803 442.015 443.223 444.425 445.616 446.794 447.955 449.097 450.215 451.307 452.370 453.401 454.398 455.357 456.277 457.154 457.987 458.774 459.512 474.976 475.613 476.196 476.724 477.195 477.607 477.961 478.256 478.490 478.664 478.777 478.829 478.821 478.751 478.622 478.432 478.183 477.876 483.446 483.018 482.535 481.997 481.406 480.763 480.071 479.331 478.545 477.714 476.842 475.930 474.980 473.995 472.977 471.929 470.853 469.753 468.630 467.488 466.330 465.159 463.977 462.787 461.593 460.398 459.205 458.017 456.837 455.668 454.514 453.377 452.261
420.803 417.626 414.518 411.488 408.546 405.700 402.960 400.335 397.835 395.468 380.131 378.060 376.145 368.971 367.387 365.981 364.757 363.723 362.883 362.242 361.803 361.570 361.545 361.730 362.125 362.730 363.544 364.565 365.791 367.218 368.842 370.046 372.046 374.226 376.577 379.092 381.763 384.579 391.836 394.935 397.746 401.065 404.477 394.787 398.282 401.833 405.430 409.059 412.709 416.368 420.025 423.666 427.282 430.861 429.771 433.917 437.303 441.076 444.298 447.426 450.452 453.368 456.167 458.843 461.390 463.802 466.074 468.203 470.183 472.012 489.107 490.624 491.979 493.170 494.196 495.057 495.752 496.280 496.643 496.841 496.875 502.975 502.671 502.207 501.584 500.805 499.873 498.790 511.262 509.845 508.285 506.586 504.752 502.788 500.697 498.484 496.155 493.714 491.167 488.518 485.774 482.940 480.022 477.026 473.958 470.824 467.632 464.387 461.097 457.768 454.408 451.024 447.624 444.215 440.806 437.404 434.018 430.656 427.327 424.040
383.172 378.046 372.997 368.040 363.193 358.471 353.891 349.470 345.226 329.049 325.224 321.624 318.266 315.167 307.333 304.791 302.553 300.632 299.038 297.784 296.878 296.329 297.885 298.069 298.625 299.553 299.313 306.793 284.646 288.989 285.893 280.548 283.773 289.768 292.980 316.033 286.166 294.887 299.736 290.118 299.498 304.841 310.334 352.927 358.917 364.988 364.406 367.610 373.712 373.036 379.050 385.015 390.912 398.069 400.495 406.049 407.576 405.065 407.127 411.957 409.196 421.286 427.688 427.533 440.940 477.801 476.311 479.442 482.322 485.398 487.770 505.580 507.431 509.022 510.355 511.430 512.251 512.818 513.134 513.203 519.353 518.915 518.238 517.326 516.182 514.812 513.220 511.411 520.236 517.957 515.474 512.794 523.416 520.281 516.965 513.474 509.816 505.997 502.025 497.908 493.653 489.268 484.760 480.138 475.409 470.580 465.661 460.659 455.581 450.437 445.236 439.985 434.694 429.372 424.030 418.677 413.325 407.986 402.671 397.393
348.108 341.301 334.551 327.876 313.186 306.764 300.487 294.380 288.471 271.742 266.332 261.201 256.378 251.891 243.206 239.462 236.132 235.284 232.261 230.301 228.839 229.952 232.663 185.899 184.930 189.301 186.013 178.147 180.554 169.476 179.243 181.931 182.398 166.627 171.606 176.983 182.732 175.579 181.834 192.227 183.666 190.580 197.682 217.170 224.666 232.255 239.906 247.589 255.272 262.926 263.821 271.266 286.468 294.983 340.740 347.714 413.981 419.926 422.233 414.901 408.484 411.597 440.394 435.835 435.647 432.374 444.183 445.759 449.991 490.711 488.472 506.626 508.625 510.645 511.972 512.973 513.654 514.020 514.078 513.833 519.596 518.730 517.575 516.135 525.339 523.289 520.967 518.382 515.539 512.444 509.107 505.533 501.733 497.713 514.318 509.724 504.933 499.956 494.802 489.481 484.004 478.380 472.619 466.729 460.720 454.599 448.373 442.051 435.639 429.144 422.571 415.927 409.220 402.457 395.644 388.791 381.908 375.005 368.094 361.190
305.693 297.646 289.597 281.571 268.124 252.982 245.264 237.692 220.357 213.223 206.350 199.783 193.564 187.735 178.246 175.073 170.069 166.182 142.880 141.631 146.016 110.201 110.225 99.387 93.659 93.664 92.369 98.800 84.910 88.924 93.068 85.028 95.189 101.069 106.229 106.698 100.594 104.005 111.824 100.137 108.294 113.580 122.180 130.944 139.830 148.794 157.797 166.798 175.761 178.293 186.978 195.523 203.899 211.433 231.677 258.384 266.068 266.521 270.954 286.148 368.441 407.433 421.839 438.412 436.337 437.152 417.554 442.252 432.368 450.097 449.326 446.823 501.511 498.001 499.037 500.062 500.371 500.333 499.957 499.251 504.408 503.024 501.325 510.016 507.631 504.942 501.953 498.672 495.104 491.256 494.855 490.414 485.720 480.785 475.623 482.902 477.200 471.308 498.674 492.120 485.412 478.565 471.592 464.505 457.315 450.032 442.661 447.636 439.947 432.182 424.344 416.434 408.453 400.402 392.282 384.097 375.850 340.744 332.682 324.574
302.093 269.984 260.848 251.667 242.476 233.311 190.649 181.915 164.507 156.133 148.004 140.176 132.712 123.553 116.418 110.362 90.768 84.055 78.819 45.158 43.645 32.176 29.011 24.366 29.857 16.804 12.619 11.445 10.727 14.870 7.393 17.130 16.522 0.587 7.722 12.957 23.935 32.574 41.631 51.054 52.654 62.507 72.558 82.754 93.042 112.192 122.652 133.057 143.359 153.516 163.486 173.232 182.718 191.915 200.792 209.327 217.498 225.289 241.473 241.559 248.148 257.806 284.273 326.060 371.527 384.964 395.712 424.514 411.694 408.875 422.096 426.209 445.803 442.129 478.274 473.647 473.407 473.170 472.239 470.980 475.368 473.424 481.492 478.832 475.853 472.555 468.940 465.010 460.769 463.654 458.746 453.551 473.736 467.813 494.555 487.855 492.637 481.371 474.022 466.531 458.923 469.934 461.924 450.357 442.275 434.153 425.996 396.330 388.362 383.479 375.390 361.611 356.742 348.487 340.141 331.694 323.136 314.462 320.521 311.354
245.260 235.793 226.150 196.910 187.233 177.471 162.257 140.865 123.562 114.161 104.976 97.397 77.564 65.796 44.677 40.482 25.652 14.377 -12.473 -18.168 -29.114 -30.436 -29.967 -40.804 -46.036 -52.024 -57.160 -54.257 -61.280 -62.615 -71.398 -65.373 -56.337 -48.720 -42.606 -33.843 -24.521 -14.705 -4.459 6.150 17.057 28.198 39.509 50.928 62.394 73.849 85.236 96.503 107.598 118.473 129.084 139.389 149.350 158.935 168.114 194.389 202.893 210.915 218.444 225.474 232.003 238.034 243.576 250.369 232.889 297.287 356.581 355.002 356.318 371.773 365.221 381.046 368.550 412.200 412.135 433.305 440.099 434.405 433.216 431.368 429.223 442.223 439.338 436.139 432.618 428.769 424.585 420.064 446.948 441.484 435.684 429.561 454.589 443.713 436.476 435.425 424.272 427.302 419.217 422.955 426.280 417.742 409.211 400.715 392.274 383.902 375.604 367.380 359.218 351.103 343.011 334.915 323.282 315.014 306.652 298.167 290.263 272.476 263.606 254.534
189.917 180.924 171.606 161.987 152.107 125.754 115.699 90.869 80.793 70.781 55.546 45.928 22.400 14.167 -9.803 -21.318 -35.186 -53.820 -68.657 -72.656 -76.540 -87.747 -97.240 -106.666 -106.619 -119.575 -117.486 -125.927 -121.910 -115.208 -109.155 -102.190 -94.377 -78.276 -76.267 -66.421 -56.007 -45.100 -33.776 -22.109 -10.174 -5.126 6.957 19.095 31.222 43.275 55.196 66.927 78.415 89.610 107.360 126.749 133.134 142.914 152.202 160.973 169.206 176.886 184.002 190.553 206.015 211.504 216.437 220.832 224.715 228.117 226.280 268.799 327.817 327.326 323.134 322.424 327.876 350.456 372.540 338.750 362.052 363.571 357.534 355.737 353.201 365.089 388.748 385.088 381.108 376.788 395.298 396.498 390.784 384.677 378.183 397.081 389.616 387.890 376.555 368.218 359.702 373.942 374.954 365.864 356.815 347.865 339.067 330.464 322.088 313.958 306.080 298.444 291.029 298.345 290.847 283.422 276.016 268.568 245.074 237.690 230.102 222.264 214.138 206.153
148.810 137.332 122.537 113.548 102.946 93.197 64.097 50.036 36.852 27.525 17.348 -12.234 -21.576 -33.943 -48.105 -61.314 -90.762 -105.760 -112.193 -115.027 -135.939 -144.986 -150.042 -159.065 -159.005 -167.267 -163.800 -160.297 -154.201 -148.444 -141.674 -133.959 -115.442 -119.099 -109.287 -98.853 -87.883 -74.684 -62.812 -50.649 -38.273 -25.761 -13.186 -0.617 11.879 24.238 36.400 45.621 63.051 74.313 85.170 95.579 105.501 114.901 123.750 132.023 139.701 146.770 149.184 164.184 169.449 174.106 178.174 190.675 193.658 196.129 163.251 158.841 193.046 220.449 252.603 241.678 245.082 248.064 259.124 282.047 289.800 310.071 310.551 304.187 301.696 307.047 308.329 304.442 321.777 316.969 311.755 312.146 305.976 296.259 316.297 337.308 326.027 317.314 308.267 309.721 310.832 301.063 300.661 290.869 281.253 271.906 262.908 254.325 246.206 238.579 231.449 238.991 232.360 247.342 240.768 234.385 228.108 221.844 215.502 195.160 171.341 165.114 158.482 152.825
82.977 79.647 69.927 57.236 49.147 40.475 13.441 -1.180 -12.760 -35.028 -42.715 -57.189 -74.575 -75.776 -89.801 -107.211 -121.791 -137.022 -154.918 -172.230 -176.100 -186.315 -188.580 -189.540 -195.365 -193.849 -191.069 -187.070 -181.912 -178.807 -168.517 -145.168 -136.020 -124.828 -114.108 -102.762 -90.883 -75.156 -63.368 -50.350 -37.140 -23.818 -10.462 2.854 -2.331 9.966 28.157 40.015 51.509 62.591 73.216 80.543 90.042 96.024 104.279 108.844 115.780 122.075 127.721 132.717 137.071 136.984 108.487 110.680 121.389 131.213 132.086 132.593 132.790 162.878 165.274 186.885 191.581 186.221 218.718 211.755 216.353 237.769 255.001 254.638 248.192 252.838 253.389 268.592 263.864 258.724 258.598 252.411 242.932 260.156 257.312 246.075 236.839 227.121 227.005 216.541 236.430 225.585 214.815 229.407 219.015 209.082 199.723 191.035 205.091 197.441 203.788 182.501 176.803 173.545 168.845 164.500 160.378 139.208 135.715 132.038 115.932 111.866 107.279 102.095
44.663 40.172 31.613 15.211 2.737 -8.634 -29.061 -36.957 -57.032 -64.078 -67.666 -83.615 -103.067 -112.287 -131.825 -143.593 -151.138 -170.624 -182.589 -190.436 -197.908 -200.546 -208.742 -208.961 -208.342 -205.828 -205.800 -200.160 -185.167 -178.387 -171.483 -162.756 -154.378 -145.191 -134.455 -117.145 -105.257 -92.995 -80.446 -71.167 -58.412 -42.329 -29.497 -16.771 -5.160 11.250 10.720 21.785 32.450 42.672 52.413 61.635 70.305 78.392 87.033 95.062 101.288 103.940 105.833 79.497 82.440 84.823 86.665 87.993 85.518 85.935 85.974 101.460 100.795 99.898 125.623 117.770 137.554 140.537 136.211 170.779 167.673 165.300 175.633 200.167 199.174 199.624 199.953 212.526 207.622 202.248 201.169 194.559 184.910 198.554 192.103 182.434 172.065 170.094 158.566 171.031 158.899 146.744 134.774 142.018 146.626 136.105 147.331 138.274 130.226 137.779 131.441 100.060 84.341 81.720 67.059 66.199 65.761 65.534 65.303 64.866 64.037 52.225 50.520 48.024
7.272 5.062 2.449 -3.249 -21.365 -31.626 -41.473 -64.071 -73.094 -80.723 -95.156 -110.793 -123.919 -141.198 -152.068 -158.744 -178.538 -192.465 -206.902 -212.009 -220.194 -219.280 -220.763 -220.858 -222.222 -220.835 -209.998 -200.955 -197.468 -188.323 -182.816 -182.881 -169.982 -160.221 -152.573 -141.437 -125.761 -114.297 -102.635 -85.411 -73.465 -60.498 -48.596 -33.733 -23.425 -19.123 -8.662 3.925 -2.793 5.616 21.021 28.685 44.301 51.115 57.353 66.316 53.173 57.074 60.402 65.691 65.339 66.958 62.902 63.457 63.545 63.208 62.494 58.572 57.313 69.668 67.937 89.409 73.076 93.120 96.729 85.101 109.332 111.364 109.356 117.914 143.321 137.421 152.482 151.290 146.331 140.814 138.910 129.926 122.084 136.426 124.727 113.921 110.294 111.361 98.237 92.881 95.665 81.947 68.485 55.564 51.004 76.655 68.046 60.675 19.811 26.104 21.468 18.358 16.668 17.627 19.552 18.858 10.958 13.249 17.020 19.379 21.257 12.778 13.522 11.644
-16.193 -16.731 -17.756 -23.059 -31.322 -46.384 -55.196 -73.725 -85.026 -97.902 -115.316 -132.209 -155.495 -164.440 -177.548 -198.699 -207.665 -216.963 -222.039 -221.231 -227.581 -232.250 -233.516 -236.798 -230.689 -218.274 -218.476 -215.759 -210.096 -203.465 -201.688 -193.703 -181.707 -167.074 -153.004 -144.506 -126.407 -115.649 -104.767 -87.026 -75.813 -59.834 -48.657 -45.793 -32.449 -22.390 -9.773 -0.411 -1.862 -8.860 -3.716 2.283 10.706 18.639 1.394 7.841 10.838 27.307 29.618 39.747 39.564 40.460 47.120 45.973 45.468 40.109 38.850 37.284 35.472 31.066 22.586 26.562 36.729 29.929 53.499 49.872 48.954 56.039 53.676 52.578 73.033 81.261 93.649 90.754 85.822 80.213 73.776 68.545 60.053 76.873 73.886 73.647 67.607 53.613 45.165 37.149 21.507 5.857 -9.444 -22.697 -29.747 -44.487 -53.351 -61.077 -47.977 -41.726 -41.153 -42.860 -37.975 -33.866 -32.188 -31.381 -25.558 -26.054 -29.282 -22.954 -19.092 -24.611 -22.097 -18.416
-21.927 -21.959 -27.770 -38.972 -50.294 -57.177 -79.542 -92.939 -107.043 -118.233 -128.434 -138.256 -155.271 -167.185 -187.438 -196.315 -204.690 -210.116 -215.019 -228.514 -233.169 -239.126 -238.557 -239.001 -230.917 -227.513 -225.228 -215.145 -203.947 -196.052 -194.435 -182.614 -166.733 -158.085 -149.096 -136.016 -126.548 -116.943 -108.232 -98.612 -80.241 -65.890 -56.049 -46.408 -30.284 -21.045 -12.172 -11.746 -1.606 5.513 -10.290 -5.488 -17.404 -14.268 -11.499 -9.097 7.738 12.417 14.025 19.364 19.301 32.950 33.057 37.103 37.722 41.803 11.766 6.239 4.140 -8.795 -23.602 -32.657 -40.087 -19.257 -15.799 -4.205 -13.765 -6.053 0.843 0.068 1.360 17.260 39.192 33.549 30.332 31.335 24.657 25.543 16.457 21.931 19.935 13.414 4.814 -5.572 -22.502 -33.506 -51.538 -63.193 -80.816 -94.104 -106.521 -115.194 -124.771 -122.753 -111.995 -92.590 -92.838 -91.246 -85.057 -80.394 -75.391 -62.841 -51.421 -42.210 -41.999 -48.112 -29.699 -32.386 -27.505 -23.989
-33.746 -36.400 -37.131 -48.083 -50.367 -64.445 -74.175 -100.449 -108.803 -117.845 -126.115 -140.397 -154.453 -174.619 -186.957 -195.492 -201.115 -207.714 -217.328 -228.129 -230.181 -229.778 -227.921 -225.897 -217.644 -217.215 -210.765 -207.652 -200.700 -191.431 -180.592 -173.265 -163.374 -147.088 -138.984 -129.820 -116.940 -108.574 -100.677 -92.904 -84.462 -74.318 -67.108 -50.240 -38.076 -30.259 -18.995 -11.839 -5.118 -3.822 -10.361 -25.911 -23.455 -21.290 -6.820 -4.954 -3.399 -2.150 -1.201 -0.545 0.941 1.022 3.255 -2.528 4.200 -6.595 -23.529 -22.633 -44.706 -49.354 -60.629 -77.880 -80.836 -77.776 -64.812 -56.890 -49.694 -47.400 -37.923 -36.377 -24.495 -25.156 -3.722 4.030 -0.302 -6.012 -12.905 -19.320 -29.182 -27.002 -31.951 -41.798 -47.657 -65.893 -85.457 -100.884 -136.851 -138.401 -142.088 -160.168 -170.464 -162.741 -165.014 -167.097 -158.204 -153.063 -149.756 -126.885 -109.111 -96.700 -88.424 -72.811 -69.426 -66.636 -41.744 -49.593 -43.839 -50.757 -36.800 -37.236
-57.163 -53.966 -55.207 -56.499 -64.544 -72.011 -76.620 -92.942 -104.875 -112.438 -128.609 -139.416 -156.039 -169.740 -181.299 -191.714 -199.641 -213.968 -218.202 -225.416 -226.035 -222.012 -218.393 -210.322 -205.701 -201.695 -192.633 -187.289 -182.746 -175.431 -167.920 -156.499 -143.795 -139.585 -130.407 -123.263 -115.549 -104.494 -96.578 -83.882 -77.133 -69.589 -63.722 -55.977 -50.611 -45.436 -31.814 -21.758 -14.696 -16.796 -19.059 -22.971 -18.657 -17.146 -15.869 -14.816 -13.976 -13.336 -12.889 -12.626 -20.549 -37.378 -46.591 -53.722 -61.788 -71.586 -70.143 -61.931 -60.026 -60.638 -72.389 -77.657 -79.329 -81.739 -79.308 -69.135 -59.952 -58.742 -54.683 -44.990 -44.456 -38.640 -22.965 -17.638 -18.824 -23.150 -30.066 -36.945 -44.831 -41.188 -50.988 -58.779 -76.310 -103.491 -124.431 -153.836 -172.237 -196.067 -190.478 -210.343 -224.902 -226.286 -240.422 -232.946 -224.165 -204.310 -182.217 -174.375 -158.985 -128.521 -113.003 -88.055 -66.988 -51.142 -61.758 -62.984 -60.507 -59.164 -59.633 -53.706
-73.861 -70.362 -70.006 -73.549 -70.411 -75.502 -83.600 -93.953 -96.797 -107.896 -118.257 -134.079 -152.530 -166.345 -175.759 -188.852 -198.828 -206.773 -210.187 -219.163 -219.420 -218.574 -210.786 -202.684 -196.060 -189.147 -179.434 -172.553 -164.474 -157.395 -150.936 -142.652 -133.795 -123.884 -117.546 -113.601 -107.265 -100.353 -91.826 -83.156 -72.862 -65.394 -53.590 -46.167 -39.383 -34.573 -30.312 -32.176 -31.055 -19.921 -15.971 -21.884 -26.211 -22.342 -19.541 -19.868 -19.454 -22.537 -41.495 -55.510 -63.356 -71.410 -72.335 -73.118 -73.804 -74.446 -71.618 -72.387 -71.088 -66.522 -63.233 -77.426 -79.606 -77.179 -78.321 -66.832 -72.598 -64.785 -57.188 -57.516 -50.588 -47.013 -38.612 -29.470 -33.167 -33.879 -41.014 -48.192 -55.212 -58.311 -76.811 -93.476 -112.904 -141.772 -167.851 -184.186 -210.653 -230.044 -232.171 -248.756 -265.394 -282.373 -280.555 -289.127 -257.516 -249.009 -236.913 -227.207 -197.220 -194.866 -177.029 -151.871 -146.209 -118.473 -88.028 -84.463 -87.876 -97.951 -89.377 -83.847
-104.497 -98.096 -89.664 -89.874 -88.316 -85.129 -88.023 -93.765 -98.902 -106.593 -118.693 -131.659 -146.060 -160.084 -167.650 -178.454 -186.244 -195.831 -203.674 -213.286 -210.911 -211.607 -209.981 -201.554 -196.864 -190.940 -179.923 -169.595 -156.526 -147.434 -135.595 -129.560 -123.779 -116.116 -106.852 -100.800 -97.059 -91.124 -84.928 -78.048 -70.890 -63.900 -52.803 -39.303 -26.991 -15.795 -13.760 -6.943 -4.360 -2.434 10.915 10.565 -1.560 -10.243 -8.783 -30.285 -48.205 -55.380 -56.979 -59.278 -60.038 -69.248 -70.308 -70.564 -70.683 -70.741 -70.813 -71.522 -70.194 -69.524 -68.044 -68.353 -73.232 -68.287 -70.011 -69.624 -64.074 -59.238 -53.761 -48.597 -49.484 -44.667 -40.905 -44.608 -41.798 -50.091 -53.309 -65.630 -78.083 -82.780 -98.308 -118.285 -149.009 -174.889 -197.729 -218.881 -247.148 -265.235 -266.251 -292.146 -311.243 -330.454 -341.159 -363.672 -341.532 -343.165 -326.653 -310.505 -309.558 -283.098 -265.142 -231.303 -200.740 -179.079 -159.335 -149.720 -141.633 -145.777 -132.514 -118.970
-122.906 -115.498 -111.486 -104.226 -103.137 -99.525 -101.499 -104.091 -109.421 -116.958 -122.031 -132.647 -138.942 -148.398 -159.637 -168.222 -176.040 -181.000 -185.012 -188.795 -191.090 -191.896 -183.437 -181.594 -175.159 -171.447 -168.054 -166.286 -155.487 -147.897 -137.264 -127.395 -117.470 -110.053 -104.246 -98.824 -89.892 -85.469 -79.417 -72.606 -64.403 -50.581 -36.496 -21.884 -6.201 7.800 21.309 28.265 35.822 38.002 42.205 31.876 28.920 11.375 2.378 -18.696 -27.720 -37.491 -44.663 -46.994 -53.306 -53.592 -53.581 -61.553 -63.578 -63.946 -64.729 -64.265 -64.396 -64.706 -66.320 -60.947 -65.884 -64.439 -64.350 -57.739 -60.100 -56.480 -55.508 -54.311 -61.376 -61.478 -53.615 -51.455 -55.549 -57.605 -61.953 -73.822 -80.245 -93.006 -108.058 -123.394 -145.461 -169.627 -192.512 -219.362 -234.501 -247.362 -272.521 -290.458 -318.176 -336.069 -350.583 -364.796 -356.939 -378.164 -385.158 -392.335 -384.747 -351.214 -313.905 -297.204 -271.421 -232.712 -206.348 -180.663 -160.951 -158.844 -147.384 -134.607
-130.775 -126.141 -116.889 -114.810 -109.608 -108.198 -109.098 -113.186 -120.670 -129.425 -136.391 -145.267 -145.175 -156.734 -156.920 -155.019 -150.838 -152.060 -147.710 -143.323 -145.026 -139.966 -118.374 -118.139 -116.947 -111.071 -111.449 -108.210 -90.576 -88.057 -108.071 -115.911 -117.712 -112.060 -103.242 -98.019 -93.199 -84.477 -80.442 -68.794 -56.007 -37.521 -25.260 -10.139 3.388 18.708 28.975 40.092 48.903 55.772 55.652 43.803 29.057 13.869 12.294 14.660 2.065 -6.019 -15.215 -23.366 -32.392 -36.128 -40.082 -42.138 -48.195 -49.524 -49.620 -49.620 -49.436 -51.039 -49.795 -51.771 -51.754 -55.104 -61.590 -65.959 -66.715 -66.468 -63.368 -65.463 -59.873 -60.470 -56.253 -55.293 -54.234 -56.981 -59.851 -67.942 -78.708 -91.015 -100.566 -118.708 -136.151 -161.479 -185.976 -213.477 -232.531 -239.561 -269.156 -292.622 -316.899 -343.534 -365.641 -396.337 -410.533 -422.382 -427.254 -426.461 -418.588 -390.508 -383.518 -357.184 -318.725 -271.117 -232.407 -200.941 -169.190 -167.785 -156.304 -138.346
-134.369 -122.976 -116.609 -114.821 -110.461 -113.809 -111.238 -118.200 -121.683 -122.985 -111.287 -112.726 -122.791 -112.413 -127.789 -130.212 -109.892 -88.934 -82.712 -66.465 -66.407 -65.458 -54.019 -42.880 -43.565 -44.054 -44.079 -41.573 -50.856 -54.706 -60.753 -58.799 -69.088 -94.656 -103.064 -101.421 -98.704 -93.864 -84.654 -65.070 -55.619 -44.228 -31.712 -18.991 -9.472 1.124 11.429 19.380 27.712 35.180 37.308 37.075 25.818 13.074 10.817 17.887 8.083 6.265 -1.263 -3.034 -5.048 -12.508 -15.714 -20.810 -23.526 -30.063 -31.809 -31.796 -38.986 -36.943 -47.532 -50.217 -51.587 -57.337 -60.231 -62.360 -64.010 -63.318 -59.702 -59.502 -55.066 -53.981 -53.412 -50.390 -52.922 -50.690 -57.286 -62.049 -69.263 -80.741 -90.414 -108.601 -126.678 -151.328 -179.416 -205.575 -227.792 -242.195 -268.173 -295.955 -335.942 -359.153 -398.082 -422.077 -441.737 -445.119 -444.167 -443.651 -430.980 -409.923 -386.081 -357.163 -308.845 -275.982 -243.547 -220.058 -169.616 -165.813 -144.348 -136.168
-127.980 -116.962 -114.614 -111.120 -103.406 -101.894 -95.243 -95.148 -81.683 -50.114 -28.013 11.321 -1.046 6.803 8.734 8.242 7.669 6.866 3.002 1.126 -4.663 -6.629 -20.096 -27.212 -27.332 -28.129 -29.958 -29.674 -30.162 -30.780 -33.436 -31.712 -49.274 -57.530 -68.920 -79.383 -95.787 -95.879 -78.312 -71.689 -59.268 -53.042 -45.935 -41.135 -37.395 -32.069 -27.356 -18.501 -9.549 4.765 13.123 13.562 14.502 2.687 -6.281 -6.402 -3.107 -3.531 -10.466 -15.793 -22.360 -13.592 -17.333 -20.932 -26.025 -25.518 -36.112 -43.326 -43.214 -44.014 -41.708 -42.433 -41.873 -47.199 -51.539 -54.151 -55.950 -57.618 -57.705 -54.087 -53.330 -49.136 -50.134 -47.335 -43.924 -45.770 -47.344 -49.853 -55.376 -66.222 -74.327 -90.766 -109.742 -133.571 -160.107 -183.949 -204.252 -222.912 -260.428 -283.933 -321.855 -354.787 -385.549 -404.367 -412.365 -406.388 -428.037 -420.904 -375.668 -347.341 -313.796 -278.139 -248.695 -224.655 -204.769 -181.097 -173.292 -149.635 -144.292 -132.097
-139.166 -135.800 -130.231 -113.733 -98.468 -97.870 -76.977 -73.815 -45.608 -12.194 12.357 15.174 12.925 19.015 17.093 17.808 18.219 18.698 14.716 9.016 6.733 4.014 7.103 -1.396 -7.846 -12.021 -16.107 -14.504 -18.815 -21.750 -25.837 -24.074 -27.633 -31.192 -37.086 -46.915 -69.643 -73.481 -68.932 -64.407 -66.040 -64.613 -60.619 -62.518 -64.158 -60.625 -57.494 -50.498 -40.159 -27.983 -16.065 -7.383 -10.345 -15.255 -33.621 -37.216 -36.141 -33.078 -37.502 -43.471 -48.615 -51.812 -50.071 -46.892 -42.511 -38.166 -40.944 -38.581 -32.836 -35.307 -33.414 -32.529 -35.700 -41.361 -44.393 -47.885 -51.738 -53.376 -53.937 -54.458 -53.614 -49.478 -43.880 -39.324 -38.382 -37.027 -36.567 -38.755 -39.775 -51.067 -60.711 -70.211 -83.727 -106.264 -130.431 -154.599 -185.937 -206.288 -225.703 -255.731 -285.543 -304.188 -317.544 -336.184 -357.559 -332.393 -327.430 -284.391 -236.883 -207.030 -192.345 -162.224 -145.800 -136.984 -142.401 -137.853 -130.322 -133.122 -127.313 -144.681
-161.307 -163.422 -154.150 -141.421 -128.527 -96.355 -68.498 -64.898 -17.275 5.521 14.050 22.546 22.281 24.873 25.191 27.232 28.739 29.398 22.479 20.740 18.021 14.527 10.580 10.854 5.646 -5.083 -10.695 -14.637 -20.076 -24.093 -29.946 -27.382 -28.853 -34.105 -38.216 -45.682 -71.261 -75.343 -72.050 -70.302 -68.454 -68.797 -70.571 -75.376 -82.442 -81.410 -85.023 -85.070 -74.731 -57.983 -48.611 -37.787 -30.900 -38.307 -54.675 -69.012 -72.624 -69.772 -73.912 -70.410 -77.143 -72.378 -71.644 -60.982 -52.339 -42.194 -36.004 -34.535 -29.169 -28.317 -28.889 -28.221 -31.717 -35.286 -41.395 -46.011 -50.278 -53.581 -54.351 -57.272 -53.337 -43.512 -38.338 -31.187 -26.342 -26.672 -24.832 -29.019 -29.961 -34.017 -43.198 -50.854 -62.878 -83.734 -98.948 -122.368 -145.731 -157.922 -156.522 -165.618 -173.731 -204.077 -214.016 -211.342 -188.273 -155.767 -132.005 -118.862 -81.563 -84.997 -100.623 -98.186 -106.281 -118.536 -126.568 -134.182 -148.213 -149.833 -164.637 -151.204
-189.839 -175.487 -160.293 -147.574 -151.437 -108.898 -99.808 -33.164 0.767 5.145 15.235 27.246 26.870 30.199 34.263 36.073 38.735 38.200 33.600 31.859 28.733 24.488 19.539 22.147 16.036 6.107 -5.555 -11.047 -17.703 -22.983 -29.983 -28.757 -34.939 -40.991 -45.885 -64.906 -96.818 -90.963 -79.468 -77.809 -72.250 -57.972 -62.095 -66.950 -76.660 -68.088 -92.777 -90.909 -75.880 -77.550 -70.723 -65.642 -57.040 -53.125 -70.806 -87.420 -91.407 -88.060 -84.953 -83.724 -87.829 -85.611 -74.396 -70.156 -60.298 -49.531 -41.541 -32.530 -27.639 -24.051 -23.325 -23.476 -26.833 -31.413 -39.429 -45.783 -49.396 -55.932 -56.100 -54.216 -50.761 -45.691 -42.929 -28.551 -21.325 -20.871 -23.019 -22.700 -25.817 -27.324 -34.428 -47.215 -50.497 -68.229 -84.100 -99.099 -104.058 -104.133 -87.309 -78.852 -88.986 -64.853 -69.717 -69.567 -81.043 -90.458 -75.991 -103.239 -76.983 -94.916 -102.928 -103.959 -119.795 -132.438 -144.395 -151.042 -164.497 -182.451 -173.396 -188.351
-203.454 -200.801 -172.131 -155.265 -137.728 -134.167 -21.248 5.043 20.187 40.877 38.933 32.880 34.218 34.904 40.389 44.347 47.700 47.918 43.561 41.866 38.399 33.482 31.962 29.272 22.073 14.935 -0.773 -7.624 -15.354 -21.732 -30.002 -27.642 -35.032 -38.471 -44.326 -91.892 -109.844 -93.696 -88.526 -83.589 -75.699 -62.252 -46.913 -39.427 -36.247 -46.338 -49.158 -66.033 -54.820 -69.861 -71.482 -74.419 -67.869 -59.579 -76.264 -99.068 -107.611 -104.326 -100.701 -101.220 -100.698 -102.546 -90.733 -81.590 -67.094 -55.050 -44.082 -33.184 -28.382 -24.323 -21.613 -23.509 -26.264 -29.609 -35.458 -40.682 -47.412 -48.961 -44.728 -56.184 -52.968 -45.392 -32.131 -32.681 -22.110 -22.953 -24.229 -25.563 -30.794 -33.200 -39.057 -45.816 -54.818 -61.369 -75.107 -81.884 -89.517 -99.268 -71.325 -66.321 -69.001 -63.189 -57.916 -81.469 -97.120 -102.858 -90.056 -116.547 -103.918 -105.284 -123.321 -118.239 -134.153 -146.650 -153.183 -169.869 -183.430 -192.391 -192.753 -201.139
-216.181 -208.090 -196.465 -186.768 -167.560 -63.499 19.123 4.708 15.440 37.501 50.556 58.054 60.801 56.060 59.315 61.564 67.423 60.957 57.902 56.180 49.148 43.467 42.133 38.516 33.006 24.393 13.976 -1.583 -10.232 -18.780 -29.017 -22.599 -31.225 -29.303 -70.520 -138.107 -109.161 -95.740 -95.675 -90.082 -71.200 -56.038 -31.409 -15.074 0.016 4.267 5.598 -1.906 -14.268 -32.193 -35.128 -50.657 -55.371 -58.978 -70.409 -97.930 -122.351 -123.295 -118.581 -117.393 -116.672 -118.263 -105.419 -94.117 -84.940 -68.988 -51.643 -38.550 -29.482 -24.862 -19.557 -19.019 -18.399 -23.196 -33.969 -39.277 -42.886 -54.080 -53.845 -60.744 -47.856 -40.431 -40.576 -27.858 -24.840 -16.662 -13.746 -25.953 -32.475 -34.162 -35.485 -35.598 -46.927 -64.661 -81.855 -94.689 -101.127 -106.703 -83.548 -82.936 -76.755 -69.176 -70.338 -66.319 -94.939 -105.073 -94.505 -119.759 -109.703 -119.511 -119.427 -128.169 -139.177 -148.017 -162.384 -180.767 -205.314 -204.641 -207.382 -218.069
-230.029 -226.867 -204.022 -247.981 -132.160 47.138 -15.510 -2.085 10.399 39.545 47.708 57.062 62.135 73.860 86.223 100.530 99.559 85.708 80.295 78.523 67.829 71.337 62.263 58.074 47.703 37.623 27.892 7.109 -1.491 -12.651 -24.828 -9.345 -19.225 -61.356 -72.384 -140.903 -109.000 -100.587 -98.883 -83.041 -62.581 -45.122 -26.613 -7.501 9.969 20.857 29.895 49.696 24.101 0.314 -0.749 -28.974 -42.520 -49.943 -57.967 -80.117 -112.221 -122.615 -113.780 -113.921 -124.882 -134.029 -118.296 -104.230 -95.392 -78.952 -57.695 -38.882 -26.867 -18.814 -13.036 -18.104 -16.228 -22.779 -30.784 -43.517 -37.186 -41.982 -45.885 -46.276 -29.806 -28.018 -34.334 -29.510 -24.689 -21.677 -12.729 -14.708 -24.602 -35.041 -37.653 -46.080 -56.654 -74.402 -92.970 -102.199 -108.433 -112.739 -97.272 -88.192 -81.145 -77.018 -68.259 -65.934 -63.790 -95.067 -104.180 -104.657 -99.301 -118.747 -112.757 -130.206 -146.232 -157.917 -177.982 -188.460 -203.718 -218.986 -219.228 -227.064
-245.871 -233.523 -269.570 -214.603 3.662 23.423 -23.539 -8.558 16.260 34.774 44.255 55.135 61.938 75.428 89.670 105.853 112.082 100.760 103.631 92.633 106.162 97.319 86.265 81.637 69.640 58.151 47.090 16.565 3.440 -8.680 -21.627 -33.001 -41.964 -55.954 -67.625 -130.202 -104.391 -101.497 -94.369 -74.655 -58.606 -40.129 -19.823 2.257 22.252 37.752 76.811 77.387 70.437 51.975 14.691 -12.009 -21.968 -38.948 -54.269 -76.134 -104.976 -110.454 -109.577 -107.684 -114.030 -127.806 -112.447 -92.790 -70.857 -67.040 -46.726 -13.878 -15.907 -15.553 -8.969 -14.699 -23.094 -20.478 -66.947 -84.785 -91.442 -102.034 -96.481 -65.582 -64.755 -61.288 -52.677 -45.176 -37.214 -24.523 -26.315 -21.972 -23.253 -34.695 -42.816 -60.061 -71.109 -73.977 -96.321 -106.884 -108.680 -109.791 -110.159 -85.025 -76.314 -68.237 -59.442 -43.493 -38.062 -82.050 -79.770 -90.728 -89.310 -112.532 -121.931 -129.643 -145.908 -148.695 -181.238 -188.311 -214.335 -222.422 -222.164 -238.941
-248.865 -245.460 -272.237 -20.558 8.544 12.619 -62.692 -39.741 10.722 29.925 40.368 52.368 60.215 74.971 90.593 107.933 124.289 103.228 106.854 106.889 128.526 118.745 106.553 93.570 89.324 77.377 65.828 46.238 15.077 -33.446 -49.568 -22.607 -38.550 -53.419 -112.194 -121.842 -102.622 -95.664 -86.765 -71.270 -55.550 -34.466 -9.799 13.972 36.603 53.771 99.034 98.108 88.093 83.928 32.099 -12.463 -32.404 -46.156 -54.300 -67.107 -79.898 -81.101 -82.352 -84.406 -85.492 -91.816 -75.170 -69.395 -51.585 -45.795 -18.794 11.704 6.688 7.940 2.515 -17.204 -28.802 -59.725 -80.178 -101.810 -121.013 -124.298 -131.654 -88.731 -87.997 -83.894 -77.168 -65.841 -55.488 -44.553 -26.808 -27.136 -26.980 -16.132 -34.687 -48.607 -73.329 -86.150 -99.836 -111.211 -117.857 -118.181 -117.293 -87.074 -74.925 -61.301 -47.385 -33.904 -48.340 -53.696 -85.729 -112.022 -84.272 -99.351 -113.799 -110.540 -131.440 -159.537 -172.002 -194.138 -212.179 -223.543 -233.175 -252.660
-260.310 -250.411 -27.871 -14.850 -7.215 3.269 -68.062 -37.808 2.582 15.586 36.201 48.866 57.014 72.458 88.870 109.128 123.023 101.614 105.920 130.940 130.575 121.451 109.989 97.795 95.599 84.508 73.612 53.903 -25.545 -31.221 -47.051 -17.362 -34.122 -72.808 -108.719 -116.514 -99.839 -92.914 -84.326 -64.993 -43.283 -27.377 0.404 28.964 57.084 76.063 126.355 123.557 108.525 100.715 54.284 -13.136 -30.795 -52.815 -67.888 -73.566 -86.194 -71.878 -72.392 -96.791 -101.577 -105.147 -93.734 -69.002 -53.157 -45.926 -7.625 8.885 4.203 5.769 15.154 -0.597 -22.062 -62.143 -92.255 -117.777 -140.467 -145.309 -102.023 -105.895 -105.477 -101.201 -93.916 -86.978 -69.082 -45.478 -1.941 -26.555 -18.107 -21.886 -25.284 -47.917 -73.510 -95.837 -103.864 -102.354 -117.293 -122.169 -111.710 -91.521 -55.832 -42.450 -18.969 -20.227 -12.766 -15.306 -46.327 -67.027 -46.596 -64.976 -92.054 -105.022 -135.365 -157.928 -175.907 -189.438 -210.119 -225.323 -239.188 -260.697
-215.498 -50.751 -37.989 -24.622 -15.534 -51.907 -71.602 -41.777 -2.067 10.824 23.500 36.941 40.167 67.950 85.490 103.247 117.381 95.834 127.217 128.184 128.180 120.296 110.242 99.530 100.030 64.285 52.673 40.391 -23.577 -28.317 -43.615 -11.512 -52.580 -127.040 -151.635 -106.261 -92.463 -83.990 -81.043 -65.334 -46.651 -8.029 26.003 47.839 76.420 95.116 159.151 147.311 129.920 120.217 49.853 3.667 -36.415 -51.434 -66.107 -79.008 -89.411 -90.434 -89.465 -90.394 -127.972 -144.643 -129.362 -97.009 -67.456 -66.614 -10.565 14.268 9.903 11.650 9.081 -1.576 -10.906 -40.581 -64.894 -88.674 -136.862 -116.221 -92.194 -97.746 -65.129 -68.150 -68.996 -80.613 -67.444 -55.925 -36.522 16.152 -11.159 -8.448 -14.864 -41.731 -75.982 -102.143 -114.182 -108.726 -106.208 -117.095 -107.284 -85.391 -47.596 -20.048 -8.245 8.858 42.510 43.669 15.198 -28.165 -18.383 -50.065 -72.383 -97.367 -116.122 -159.040 -166.542 -183.058 -206.898 -227.837 -230.950 -261.275
-146.788 -58.304 -45.637 -32.123 -21.911 -56.323 -68.138 -44.365 -5.879 6.530 18.599 31.348 32.515 45.264 42.575 52.763 62.279 112.569 119.203 121.017 75.448 72.051 65.985 57.907 48.664 66.168 56.071 44.834 -21.104 -24.851 12.253 -5.347 -105.736 -129.617 -140.869 -95.068 -83.178 -79.498 -77.092 -60.213 -43.223 -14.256 42.597 81.473 93.896 114.082 185.884 171.000 149.776 137.368 60.217 4.803 -25.684 -57.566 -73.648 -84.899 -98.562 -98.328 -95.643 -95.324 -97.254 -135.203 -119.868 -97.379 -76.337 -68.450 -29.547 21.406 17.601 19.345 15.890 3.543 -1.789 -39.766 -66.949 -93.406 -117.045 -135.818 18.630 8.702 -3.709 -16.902 -29.120 -67.918 -63.339 -53.852 -30.776 7.041 35.760 22.309 2.989 -25.401 -70.542 -97.086 -118.732 -119.949 -116.067 -109.230 -93.359 -81.277 -47.563 -11.542 6.084 42.931 63.704 67.001 40.320 18.455 -2.784 -26.394 -73.866 -70.465 -122.192 -145.263 -147.885 -177.095 -207.201 -216.967 -249.950 -225.533
-103.246 -63.181 -50.782 -37.337 -26.357 -58.572 -22.809 -45.639 -8.870 2.724 13.824 25.464 23.934 34.966 26.093 34.148 84.044 59.182 65.660 69.889 59.515 59.352 56.710 51.848 45.342 67.149 58.853 48.866 -36.452 -20.969 18.775 -45.510 -109.411 -117.383 -109.128 -86.976 -72.549 -73.583 -71.412 -55.658 -36.807 -6.784 42.945 96.973 134.320 134.469 211.270 202.203 168.523 124.798 67.037 53.826 -34.558 -63.433 -80.719 -91.831 -106.629 -103.806 -98.695 -96.877 -97.812 -89.642 -119.286 -96.137 -74.208 -65.541 -30.794 30.734 27.244 28.795 22.777 10.039 4.494 -37.372 -67.169 -95.979 -121.635 -142.040 27.994 16.260 1.114 -15.339 -30.879 -75.769 -72.526 -63.632 -39.298 -8.913 44.159 61.914 44.458 5.488 -60.231 -81.752 -121.219 -140.902 -120.608 -105.960 -92.681 -75.784 -40.880 -10.981 26.648 66.996 88.893 94.653 87.695 39.737 26.770 -16.643 -48.270 -80.316 -96.620 -121.932 -143.785 -164.543 -191.901 -212.562 -238.682 -128.606
-75.034 -65.485 -53.525 -41.768 -77.787 -39.356 -24.745 -45.727 -11.089 -0.591 9.243 19.431 14.695 16.553 7.841 50.136 61.248 38.407 45.171 50.959 55.236 44.507 45.831 44.686 41.338 67.210 60.909 52.309 -33.418 -27.800 24.805 -81.796 -98.287 -84.535 -93.211 -78.707 -65.334 -66.703 -65.041 -55.688 -29.459 -0.344 34.403 102.005 150.404 150.152 200.425 223.146 185.166 112.454 72.871 44.190 -37.662 -68.841 -87.077 -98.310 -112.387 -106.438 -98.173 -94.646 -94.545 -83.001 -72.861 -94.152 -69.671 -60.686 -24.024 42.101 38.644 39.819 31.915 17.787 11.931 -45.077 -65.398 -96.097 -123.312 -50.383 38.984 25.371 7.248 -12.829 -32.116 -83.210 -81.796 -60.688 -48.793 -17.328 41.601 76.822 92.021 59.660 19.204 -76.426 -130.303 -150.310 -133.677 -101.540 -96.905 -80.847 -41.958 -7.641 45.302 77.943 112.520 113.548 99.099 60.078 20.517 -11.070 -29.684 -62.122 -74.650 -100.275 -132.628 -161.979 -185.929 -202.261 -164.442 -172.937
-74.270 -65.442 -54.083 -42.374 -55.671 -39.376 -25.270 -44.800 -12.615 -3.426 4.925 -0.601 5.129 2.877 19.147 27.598 36.043 15.593 22.558 29.989 37.105 28.264 33.908 36.801 36.868 34.471 62.147 55.000 -29.895 -23.270 -21.159 -87.402 -85.485 -69.128 -74.956 -69.183 -57.289 -59.172 -58.344 -50.897 -23.496 4.518 40.109 102.809 162.738 192.997 216.247 240.338 207.942 112.285 112.618 45.782 -20.393 -73.609 -92.511 -103.577 -114.724 -105.972 -93.848 -88.463 -87.482 -72.552 -63.315 -86.653 -62.964 -59.317 -26.652 55.206 51.486 43.394 42.085 42.653 -5.929 -40.561 -61.613 -93.615 -121.817 -44.594 51.364 35.856 14.593 -9.384 -32.761 -89.981 -90.872 -70.263 -59.034 -26.973 25.122 72.712 112.121 122.272 64.869 -29.557 -111.917 -156.645 -149.404 -107.723 -82.813 -66.472 -35.040 13.990 58.303 93.050 118.306 127.636 107.403 93.191 51.637 34.750 7.981 -31.829 -55.338 -66.182 -134.770 -158.093 -178.380 -170.927 -140.127 -136.300
-71.416 -63.376 -52.760 -89.124 -53.433 -37.982 -24.638 -43.052 -13.540 -5.799 0.941 -7.759 -12.796 11.381 -0.592 4.218 9.709 -8.101 -1.024 8.060 18.103 11.473 21.571 28.603 32.154 32.435 62.496 56.798 -26.025 60.601 -64.029 -77.021 -71.356 -52.134 -54.734 -60.164 -48.692 -50.824 -51.656 -46.608 -19.940 6.682 42.898 90.491 170.283 202.325 227.220 252.693 186.220 101.660 116.397 46.219 -29.397 -77.587 -96.861 -109.118 -112.787 -102.371 -85.758 -78.431 -75.442 -59.756 -46.529 -76.571 -54.473 -52.381 -18.897 69.611 65.334 55.189 52.944 54.166 1.941 -34.551 -71.602 -88.560 -117.091 -36.627 64.758 47.412 22.945 -5.090 -32.778 -95.830 -99.447 -79.899 -69.706 -37.550 15.833 66.361 107.245 151.769 116.576 28.059 -99.756 -164.096 -153.233 -138.698 -89.357 -65.930 -30.003 47.174 89.351 154.199 144.293 160.081 137.777 106.474 71.073 65.940 14.428 2.265 -32.202 -66.725 -106.230 -133.330 -155.171 -145.374 -141.065 -118.684
-66.886 -59.674 -49.916 -64.845 -49.858 -35.492 -23.121 -13.408 -13.967 -7.735 -2.645 -14.516 -5.452 -20.342 -19.908 -18.811 -16.391 -45.514 -24.340 -13.677 -0.771 -4.984 9.457 20.501 27.409 30.265 29.617 57.603 -21.969 81.008 -55.888 -65.772 -41.717 -33.912 -32.934 -42.834 -39.797 -44.199 -45.256 -41.146 -19.103 6.962 41.685 81.805 161.145 205.918 235.033 259.372 190.586 110.589 117.632 37.241 -31.769 -80.664 -97.643 -112.744 -108.164 -95.832 -74.219 -73.521 -58.813 -41.799 -31.019 -23.708 -44.699 -44.723 -10.692 84.767 79.663 67.301 80.683 65.832 10.546 -27.314 -65.111 -81.136 -109.295 -26.766 78.664 59.610 31.998 -0.104 -32.164 -100.532 -108.920 -89.240 -80.416 -48.655 5.327 46.046 99.704 144.673 173.668 21.493 -31.625 -187.496 -168.105 -145.032 -76.221 -61.833 -47.165 3.788 112.751 162.497 224.921 248.047 237.860 172.958 184.820 138.909 58.458 -0.109 -25.584 -52.453 -87.690 -113.101 -127.107 -152.020 -120.770 -31.996
-24.343 -17.553 -78.495 -59.038 -45.330 -32.231 -20.989 -12.179 -13.992 -9.260 -9.950 -15.279 -14.644 -34.732 -37.863 -40.338 -40.928 -69.518 -46.183 -34.096 -18.547 -20.271 -1.837 12.869 22.824 28.014 29.002 57.362 -17.895 82.268 -71.724 -53.978 -27.357 -14.831 -9.954 -27.236 -30.742 -36.284 -39.345 -38.639 -18.894 4.634 37.546 76.978 146.151 203.319 234.202 222.520 190.501 110.075 89.933 35.205 -17.262 -81.064 -99.755 -115.212 -102.255 -86.786 -59.824 -57.514 -32.900 -21.337 -13.727 -10.353 -34.210 -36.797 -2.475 86.163 93.890 99.601 85.694 55.889 19.479 -19.213 -57.079 -71.713 -98.799 -15.451 92.482 71.925 41.360 5.355 -30.955 -103.895 -93.833 -97.898 -90.716 -59.813 -5.917 34.762 77.772 133.928 163.622 134.526 11.763 -179.261 -180.314 -149.420 -113.069 -57.156 -6.135 75.890 188.790 270.671 334.720 361.416 344.597 258.936 222.134 124.077 78.926 18.040 -3.966 -45.483 -69.359 -97.562 -112.368 -132.082 -107.241 -29.901
-22.262 -16.150 -11.859 -18.470 -10.188 -2.640 4.175 10.554 -6.386 -1.500 -19.557 -21.045 -22.766 -47.351 -53.646 -59.349 -62.720 -90.472 -65.477 -52.198 -34.366 -33.666 -11.805 6.018 18.552 25.719 28.114 56.076 -13.964 -15.330 -67.834 -41.971 -12.795 4.722 21.071 -2.310 -21.616 -28.655 -38.456 -36.517 -20.988 0.998 29.987 67.154 136.535 194.496 260.219 216.693 185.912 154.503 69.234 24.099 -19.791 -80.641 -100.612 -115.804 -96.596 -75.865 -43.396 -26.862 -5.947 0.565 4.414 3.359 -23.589 -29.038 5.339 73.706 107.412 113.262 97.405 62.053 28.296 -10.673 -47.937 -60.795 -86.155 -3.245 105.553 83.772 50.581 11.020 -29.215 -64.963 -99.028 -105.477 -100.133 -70.500 -17.355 22.640 64.880 120.611 148.980 162.373 1.038 -154.151 -193.185 -155.006 -120.610 -80.166 -7.808 77.596 160.528 268.491 335.479 358.556 374.056 299.768 205.346 141.843 100.643 29.150 -12.544 -32.191 -55.369 -75.624 -90.288 -101.464 -67.981 -27.153
-19.794 -17.454 -10.564 -15.887 -8.417 -1.485 5.006 11.396 17.288 -3.221 -22.636 -25.834 -49.335 -57.719 -66.620 -75.046 -80.824 -107.438 -81.359 -67.184 -47.552 -44.618 -20.070 0.175 14.703 23.412 26.932 -14.740 94.136 -51.738 -71.337 -30.083 1.629 24.346 46.680 47.846 -12.377 -20.070 -33.747 -35.381 -25.860 -6.125 19.414 54.226 100.961 179.858 208.189 205.601 177.060 147.026 64.499 20.540 -22.273 -81.012 -100.433 -113.822 -89.893 -50.745 -23.758 -1.238 24.201 22.738 22.426 16.685 -13.388 -21.823 5.802 85.119 154.534 125.458 107.781 70.314 36.552 -2.146 -38.183 -69.786 -72.049 9.207 117.214 94.545 59.187 16.597 -27.038 -66.093 -102.829 -111.601 -108.199 -90.022 -28.419 10.283 51.072 85.269 132.395 145.885 -10.410 -114.997 -191.777 -175.998 -136.805 -93.031 -31.020 62.473 145.394 264.778 334.921 361.184 378.867 265.725 203.443 141.320 107.130 38.307 -7.256 -28.067 -40.519 -66.630 -77.996 -67.876 -26.681 -24.013
18.959 -15.152 -9.122 -13.325 -6.710 -0.436 5.683 12.027 18.731 -3.582 -24.961 -29.526 -55.471 -65.527 -76.372 -86.897 -94.600 -96.444 -112.349 -78.517 -57.652 -52.784 -26.401 -4.523 11.347 21.116 25.453 -11.911 12.268 -62.956 -59.797 -27.325 15.575 43.619 72.224 115.372 -2.567 -13.144 -29.258 -35.057 -30.742 -14.974 6.487 38.252 83.085 160.204 189.986 153.222 164.453 136.639 58.482 6.283 -24.618 -80.563 -99.361 -105.254 -82.654 -29.640 -5.893 27.796 53.856 55.526 39.367 28.941 -4.077 -15.447 5.701 144.883 167.871 135.697 90.732 77.263 43.837 5.930 -28.327 -57.513 -57.239 21.241 126.849 103.674 66.723 21.791 -24.534 -66.260 -105.029 -117.393 -114.494 -99.660 -38.565 -1.707 37.019 67.687 92.293 124.001 121.144 -52.579 -195.492 -183.117 -141.641 -94.558 -46.781 24.692 130.653 215.577 328.125 351.388 315.007 259.370 207.036 145.559 87.480 34.753 -0.240 -29.653 -40.484 -48.054 -63.695 -56.569 -22.847 -20.711
-17.265 -12.817 -7.650 -10.899 -5.145 0.455 6.170 12.408 28.926 19.365 -26.502 -32.069 -59.554 -70.642 -82.725 -94.661 -103.743 -106.598 -120.184 -85.949 -64.462 -58.036 -30.722 -8.033 8.511 18.853 23.699 17.819 13.590 -52.865 -48.590 -26.083 28.710 62.094 97.132 146.667 12.022 -9.484 -25.589 -35.301 -38.460 -24.885 -7.936 20.229 62.476 100.251 167.465 135.468 149.043 112.273 42.305 2.644 -24.581 -79.388 -98.080 -99.561 -63.302 -16.579 10.810 59.844 77.369 75.750 54.402 39.554 3.979 -10.101 15.068 155.855 178.436 143.580 96.070 65.508 49.814 13.168 -18.858 -45.228 -42.486 32.227 133.947 110.674 72.787 26.332 -21.822 -65.433 -105.492 -119.922 -118.682 -107.113 -47.319 -12.778 16.729 50.121 72.573 79.911 102.031 -61.979 -155.900 -180.934 -139.052 -99.312 -50.063 9.390 88.156 197.750 249.167 303.133 268.882 241.321 188.081 143.831 96.440 39.584 -10.608 -19.134 -28.197 -36.616 -34.367 -46.284 2.676 9.195
-14.313 -10.577 -6.239 -8.695 -3.774 1.161 11.993 19.689 29.014 19.738 -27.264 -50.974 -61.601 -73.102 -85.727 -98.385 -108.283 -111.839 -123.257 -89.515 -68.019 -60.457 -33.101 -10.395 6.188 16.645 21.711 18.088 14.211 -85.218 -38.036 -0.785 35.930 79.312 120.779 177.038 37.111 -3.586 -19.537 -35.829 -45.899 -37.240 -21.692 1.298 3.037 76.630 142.224 115.874 131.225 105.499 35.232 -1.294 -26.892 -77.257 -98.443 -85.551 -56.833 -5.282 25.379 115.190 97.574 92.847 66.867 48.103 28.198 -5.875 -7.822 163.615 181.639 148.826 99.433 68.998 54.239 19.263 -10.196 -33.498 -28.494 41.627 138.142 115.184 77.071 29.997 -19.022 -63.624 -81.249 -120.243 -120.538 -112.036 -54.308 -22.467 2.937 33.314 53.441 59.597 51.104 -24.033 -127.229 -181.657 -136.784 -97.265 -52.717 2.927 68.237 144.874 146.374 237.508 259.640 233.807 186.388 142.738 36.397 24.541 -4.672 -17.116 -19.130 -27.442 -31.104 -2.363 2.236 7.490
-11.596 -8.520 -4.954 -6.763 -2.624 5.801 11.588 19.150 5.156 19.736 -27.288 -51.184 -61.739 -73.096 -85.631 -98.368 -108.543 -112.501 -121.937 -105.331 -68.571 -60.309 -33.723 -11.714 4.344 14.515 69.278 17.672 14.188 -71.260 -47.615 7.853 40.670 94.810 142.501 182.798 102.070 2.544 -16.576 -36.360 -50.795 -47.809 -36.380 -17.366 -16.021 43.824 77.026 95.237 98.818 80.634 28.369 -4.635 -36.178 -75.049 -96.403 -80.761 -51.760 3.579 37.038 145.577 130.446 106.106 76.309 54.333 34.721 2.829 -6.563 168.002 184.949 144.990 100.714 71.263 56.982 24.010 -2.665 -22.799 -15.850 -24.793 139.248 117.000 79.384 32.627 -16.245 -60.892 -79.623 -118.322 -143.731 -114.244 -89.325 -30.433 -9.223 17.896 35.631 40.737 32.690 -28.203 -130.659 -175.330 -139.912 -98.555 -54.874 4.466 38.607 88.398 118.470 170.127 191.632 186.977 146.489 65.605 39.318 -6.511 -7.977 -17.083 -12.435 -21.738 -23.412 7.081 1.837 -13.490
-0.221 3.184 6.249 -2.191 1.434 5.571 10.950 18.266 5.191 19.352 23.130 -50.079 -60.178 -70.934 -82.847 -95.108 -105.086 -109.171 -104.654 -101.194 -66.533 -57.985 -32.861 -12.146 2.927 12.488 59.995 16.689 13.620 -58.263 -37.326 15.198 49.984 102.712 161.630 207.548 253.663 9.799 -12.086 -36.645 -54.938 -59.637 -49.713 -55.140 -33.659 21.496 54.520 74.624 58.144 77.178 21.720 -7.605 -36.558 -72.386 -91.201 -72.562 -23.212 9.579 69.127 191.920 141.973 115.110 82.504 71.172 37.341 5.063 -6.055 169.021 184.811 143.851 99.928 71.678 58.026 27.315 3.522 -13.481 -4.992 80.145 137.270 116.092 79.667 34.143 -13.586 -57.337 -76.613 -114.253 -142.654 -113.720 -91.778 -47.329 -19.393 4.351 19.718 23.941 16.603 -38.974 -112.274 -180.140 -157.438 -106.796 -69.810 -19.889 32.911 77.026 128.544 162.966 116.379 190.106 149.158 72.765 16.550 -12.936 -4.786 -7.441 -6.200 -9.594 1.767 5.745 -5.123 -3.186
-0.056 2.648 5.069 6.655 1.593 5.192 10.130 2.739 5.082 16.334 29.944 32.323 -57.197 -67.006 -77.891 -89.240 -98.633 -102.617 -98.530 -94.316 -96.713 -53.965 -30.841 -11.872 1.875 42.321 43.520 15.278 12.629 -46.537 -28.175 8.005 57.442 105.528 177.533 236.311 343.506 22.411 -8.547 -36.150 -57.965 -68.232 -77.322 -67.191 -48.955 1.116 33.473 42.210 32.755 67.112 18.383 -10.092 -44.401 -74.679 -85.512 -72.046 -15.553 24.814 119.442 241.780 178.256 143.286 102.849 72.565 38.267 -21.411 5.651 166.831 65.356 94.783 97.207 70.347 38.843 29.189 8.271 -5.758 3.818 82.176 132.401 112.597 77.992 34.542 -11.121 -53.099 -72.361 -93.096 -136.439 -104.910 -91.705 -51.548 -27.373 -7.002 6.098 9.620 3.203 -46.753 -110.301 -162.399 -153.653 -109.066 -72.613 -28.812 23.720 66.468 117.709 152.811 109.498 96.000 86.788 53.079 15.356 -9.323 -12.515 -2.672 -1.092 -5.496 1.513 -4.494 -3.945 -2.412
0.045 2.149 4.023 5.231 1.613 4.710 9.181 2.678 4.847 7.195 28.494 30.972 -53.108 -61.746 -71.333 -81.463 -89.987 -93.694 -90.043 -85.480 -86.965 -48.756 -28.004 -11.079 1.122 35.142 14.393 13.587 11.345 -36.269 -20.304 13.114 44.249 83.698 169.731 236.144 367.040 62.717 -6.762 -33.764 -59.637 -87.041 -86.119 -77.068 -61.223 -16.443 2.824 26.042 21.289 52.773 12.433 -12.021 -49.320 -73.813 -98.940 -61.980 -16.746 24.637 158.952 277.529 178.476 143.137 102.242 71.553 37.735 -20.474 46.612 161.726 58.988 64.686 92.773 67.473 38.505 29.737 11.596 0.292 10.487 81.476 124.996 106.806 74.550 33.896 -8.905 -48.345 -67.072 -101.975 -127.915 -99.864 -89.304 -53.575 -33.116 -16.008 -5.016 -2.017 -7.361 -51.575 -64.012 -174.848 -137.936 -107.939 -71.781 -36.776 3.659 55.883 106.252 141.559 101.491 42.865 24.495 35.222 13.307 -8.622 -6.544 6.715 4.420 -5.567 -3.168 -3.397 -2.978 -1.789
0.098 1.703 3.124 4.025 1.533 4.167 0.989 2.535 4.511 0.000 26.555 29.050 27.356 -55.594 -63.743 -72.480 -79.956 -83.265 -80.049 -70.007 -76.228 -42.854 -24.676 -9.948 18.752 28.611 12.362 11.756 9.897 -27.538 -16.648 16.934 47.807 87.982 130.513 83.788 429.910 164.650 -8.194 -38.740 -67.501 -89.009 -93.872 -83.568 -69.531 -36.232 -11.268 -19.210 11.449 29.404 7.352 -13.359 -45.995 -73.046 -94.716 -58.001 -19.640 39.644 212.373 267.897 215.889 138.752 98.628 68.508 20.397 -19.684 73.704 35.397 52.035 57.473 86.924 63.324 37.017 14.224 13.604 4.713 15.080 78.370 115.538 99.126 69.629 32.338 -6.968 -43.260 -61.002 -86.478 -100.028 -92.971 -103.706 -53.607 -36.708 -22.667 -13.582 -10.948 -60.675 -53.657 -63.270 -99.631 -146.848 -113.867 -77.687 -42.349 -8.337 45.591 94.478 89.433 46.541 37.121 0.658 -11.509 -15.251 -24.015 -15.256 -7.707 1.090 -1.601 -2.338 -2.517 -2.203 -1.300
0.120 1.318 2.374 3.032 1.389 0.048 0.971 2.330 0.000 0.000 22.189 26.678 25.288 19.898 -55.653 -62.940 -69.287 -72.131 -69.340 -60.594 -65.202 -45.072 -21.148 4.268 14.824 22.838 10.353 9.910 8.398 -20.326 -10.772 8.711 49.734 90.073 79.565 87.240 404.476 305.207 -2.503 -35.398 -65.490 -87.567 -96.252 -89.492 -79.834 -46.045 -32.845 -25.395 3.417 20.234 4.737 -14.107 -42.704 -70.786 -92.612 -75.257 -23.698 79.393 233.064 251.780 203.485 130.837 92.569 42.569 -24.757 -18.896 -17.661 29.584 44.837 49.933 53.948 58.212 34.618 14.735 14.468 7.646 17.786 73.298 104.588 90.045 63.581 30.046 -5.323 -38.032 -54.429 -77.458 -42.303 -84.699 -96.284 -87.115 -38.343 -27.104 -19.704 -17.306 -62.145 -53.354 -60.393 -90.723 -130.612 -112.162 -97.136 -74.184 -33.873 3.635 50.113 33.835 17.654 10.105 -3.092 -12.634 -13.353 -14.561 -10.710 -8.579 -1.539 0.254 0.000 -1.827 -1.597 -0.925

# Top 10 maximum values:
# Index_r, Index_theta, r_value, theta_value, z_value
3, 81, 0.700000, 4.267330, 518.729839
2, 81, 0.500000, 4.267330, 518.914936
2, 80, 0.500000, 4.214970, 519.352748
3, 80, 0.700000, 4.214970, 519.595572
2, 88, 0.500000, 4.633849, 520.236238
2, 93, 0.500000, 4.895649, 520.281491
3, 86, 0.700000, 4.529129, 520.967495
3, 85, 0.700000, 4.476770, 523.288656
2, 92, 0.500000, 4.843289, 523.416172
3, 84, 0.700000, 4.424410, 525.339236

# Analysis of potential symmetric artifacts:
# Found 5 local maxima
# Local maxima (r, theta, z_value, angle_degrees):
0.1000, 0.0262, 451.169099, 1.50°
0.5000, 4.6338, 520.236238, 265.50°
0.7000, 4.4244, 525.339236, 253.50°
7.9000, 5.5240, 358.555880, 316.50°
9.9000, 1.9111, 404.475546, 109.50°

# Potential symmetric pairs (difference close to π):
# No symmetric pairs found
