# Z-Grid Data for Iteration 7
# Shape: (50, 120)
# Min value: -392.340480958281
# Max value: 366.0567258295751
# Average value: -2.257679343615302

# Radial edges (r_edges):
0.000
0.200
0.400
0.600
0.800
1.000
1.200
1.400
1.600
1.800
2.000
2.200
2.400
2.600
2.800
3.000
3.200
3.400
3.600
3.800
4.000
4.200
4.400
4.600
4.800
5.000
5.200
5.400
5.600
5.800
6.000
6.200
6.400
6.600
6.800
7.000
7.200
7.400
7.600
7.800
8.000
8.200
8.400
8.600
8.800
9.000
9.200
9.400
9.600
9.800
10.000

# Angular edges (theta_edges):
0.000
0.052
0.105
0.157
0.209
0.262
0.314
0.367
0.419
0.471
0.524
0.576
0.628
0.681
0.733
0.785
0.838
0.890
0.942
0.995
1.047
1.100
1.152
1.204
1.257
1.309
1.361
1.414
1.466
1.518
1.571
1.623
1.676
1.728
1.780
1.833
1.885
1.937
1.990
2.042
2.094
2.147
2.199
2.251
2.304
2.356
2.409
2.461
2.513
2.566
2.618
2.670
2.723
2.775
2.827
2.880
2.932
2.985
3.037
3.089
3.142
3.194
3.246
3.299
3.351
3.403
3.456
3.508
3.560
3.613
3.665
3.718
3.770
3.822
3.875
3.927
3.979
4.032
4.084
4.136
4.189
4.241
4.294
4.346
4.398
4.451
4.503
4.555
4.608
4.660
4.712
4.765
4.817
4.869
4.922
4.974
5.027
5.079
5.131
5.184
5.236
5.288
5.341
5.393
5.445
5.498
5.550
5.603
5.655
5.707
5.760
5.812
5.864
5.917
5.969
6.021
6.074
6.126
6.178
6.231
6.283

# Z-Grid matrix (rows = radii, columns = angles):
-13.578 -13.823 -14.052 -7.174 -7.345 -7.496 -7.626 -7.734 -7.819 15.089 41.219 41.391 41.590 41.815 42.065 42.340 42.638 42.961 43.305 43.671 44.057 44.463 44.886 45.326 45.781 46.250 46.730 47.222 47.722 48.229 48.741 49.257 49.775 50.293 50.809 51.322 51.829 52.330 52.822 53.303 53.773 54.230 54.672 55.097 55.506 55.896 56.266 56.615 56.943 57.249 57.531 57.790 58.024 58.233 58.418 58.577 58.711 58.819 46.752 46.838 46.901 46.941 46.957 46.951 46.922 46.871 33.943 33.892 33.821 33.730 33.621 33.494 33.348 33.185 33.005 -9.582 -9.632 -9.697 -9.777 -9.872 -9.982 -10.107 -10.246 -10.399 -10.567 -10.748 -10.942 -11.150 -11.371 -11.604 -11.850 -12.108 -12.377 -12.657 -12.948 -13.248 -13.559 -13.878 -14.206 -14.541 -14.884 -15.232 -15.586 -15.945 -16.308 -16.673 -17.041 -17.409 -17.777 -18.145 -18.510 -18.872 -11.136 -11.477 -11.810 -12.134 -12.448 -12.750 -13.040 -13.316
-25.168 -19.860 -20.735 -21.555 -22.316 -23.012 -23.637 -24.189 -24.661 0.712 22.953 48.627 49.283 50.040 50.898 51.857 77.428 78.762 80.188 81.703 83.302 84.980 86.732 88.550 90.429 92.360 94.337 96.350 98.391 100.452 102.523 104.595 106.658 108.703 110.721 112.703 114.639 116.521 118.341 120.091 121.764 123.353 97.202 98.584 99.875 101.071 102.167 103.163 104.055 73.751 74.477 75.107 75.644 76.086 76.436 76.696 76.868 76.954 76.958 76.882 63.445 63.323 49.066 48.940 48.760 48.530 48.253 47.931 47.568 47.165 46.726 46.252 45.747 45.211 1.579 1.459 1.315 1.147 0.956 17.811 17.399 16.966 16.511 16.034 15.536 15.015 14.470 13.903 35.296 34.501 33.690 32.862 42.267 41.345 40.413 39.472 38.522 37.565 36.600 35.630 34.655 33.676 32.696 31.715 30.736 29.760 28.790 27.827 26.874 25.935 25.011 24.105 -8.085 -9.150 -10.205 -11.246 -20.927 -22.029 -23.107 -24.155
-30.512 -32.430 -34.279 -36.048 -37.723 -39.290 -16.618 -17.643 -18.516 3.416 24.759 49.780 50.883 52.190 53.703 55.423 57.351 59.484 61.820 64.354 67.078 69.985 73.063 76.302 79.686 83.202 86.831 90.556 94.357 98.213 102.105 106.008 109.903 113.765 117.572 121.304 124.938 128.455 131.834 135.058 138.110 140.975 143.640 146.094 148.326 150.330 152.100 153.632 154.925 126.195 127.089 127.767 94.938 95.328 95.539 95.580 95.460 95.188 94.774 68.817 68.343 39.676 39.386 39.029 38.614 38.148 37.638 37.090 11.865 11.523 11.162 10.787 10.400 10.003 -33.955 -11.672 -11.709 -11.752 -11.801 -11.857 -11.923 14.812 14.279 26.865 26.098 39.332 38.353 24.859 24.046 9.134 -4.185 -16.075 -16.432 -16.840 -17.303 -27.831 -26.069 -26.635 -27.281 -36.208 -36.953 -37.797 -38.741 -39.787 -40.937 -42.191 -43.548 -37.170 -38.735 -40.388 -42.126 -43.943 -37.322 -29.920 -31.815 -33.741 -31.522 -25.020 -14.654 -6.962
-43.545 -50.400 -61.983 -50.130 -53.020 -33.056 -35.248 -15.902 -17.291 -18.434 1.538 25.577 26.650 28.045 29.775 31.847 34.269 37.043 40.170 43.646 47.465 51.615 56.083 60.850 65.894 71.190 76.710 82.420 88.286 94.271 100.335 106.438 112.538 118.594 124.561 130.401 136.071 141.535 146.756 151.701 156.340 160.645 164.595 168.170 171.355 174.140 176.519 178.489 180.051 181.212 181.979 150.725 150.898 115.372 86.871 86.560 86.032 85.307 84.405 52.584 51.705 34.199 22.250 21.645 21.004 20.338 19.658 18.975 18.296 17.629 16.980 16.352 15.749 37.807 13.538 -7.190 -7.199 -7.183 20.302 19.749 32.496 31.671 30.852 17.312 16.774 1.910 -22.761 -22.487 -32.525 -55.120 -54.263 -60.464 -77.107 -80.858 -73.890 -77.270 -80.374 -79.669 -79.137 -83.763 -74.783 -74.958 -75.364 -76.011 -76.907 -78.059 -79.471 -81.148 -78.395 -80.607 -83.072 -85.784 -88.736 -88.445 -84.043 -78.481 -58.484 -54.344 -57.688 -50.302
-73.780 -71.317 -79.512 -87.063 -74.176 -50.172 -33.485 -36.264 -38.763 -40.945 -0.028 -2.639 -2.031 -0.980 0.540 2.548 5.065 8.103 11.671 15.771 20.400 25.549 31.202 37.334 43.918 50.917 58.288 65.983 73.949 82.128 90.457 105.412 114.075 122.683 131.168 139.460 147.493 155.204 162.534 169.430 175.843 181.731 187.059 191.801 195.935 199.449 202.337 204.601 206.249 207.297 207.764 207.676 147.828 147.148 104.366 69.284 68.247 66.988 65.540 63.933 62.200 60.368 29.678 28.435 27.187 25.955 24.756 23.603 22.509 21.482 20.529 19.656 18.862 40.608 16.135 -4.588 -4.516 23.088 22.541 35.235 34.412 20.708 20.275 5.404 -19.232 -26.397 -51.641 -57.357 -78.851 -81.299 -87.241 -90.042 -87.608 -93.045 -90.665 -91.203 -92.415 -90.425 -80.150 -82.020 -83.889 -83.079 -84.656 -73.473 -73.970 -74.863 -74.084 -75.830 -77.995 -80.580 -80.945 -84.377 -85.506 -84.493 -93.012 -97.998 -92.744 -98.226 -103.950 -91.969
-112.001 -103.230 -92.674 -117.163 -84.836 -74.046 -51.798 -55.880 -59.736 -45.619 -27.187 -27.831 -27.951 -27.501 -26.433 -24.708 -22.289 -19.147 -26.297 -22.038 -17.025 -11.264 -4.769 2.433 10.307 18.806 27.873 37.442 47.439 57.780 68.376 79.134 106.940 118.126 129.158 147.803 158.488 168.711 178.384 187.426 195.767 203.346 210.116 216.038 221.089 225.253 228.531 230.931 232.474 233.187 209.484 208.836 181.168 135.993 84.932 83.216 81.192 78.911 76.420 73.767 70.997 68.154 47.692 33.452 31.504 16.537 15.100 13.768 12.555 11.469 10.517 9.701 9.022 29.929 40.094 16.516 -3.261 23.860 23.427 35.882 22.279 21.997 20.758 -3.893 -38.013 -43.686 -70.802 -72.493 -89.228 -85.815 -90.408 -89.739 -89.635 -88.561 -90.973 -87.421 -84.034 -76.289 -76.261 -73.711 -71.499 -62.384 -61.252 -60.599 -60.457 -54.338 -55.573 -57.394 -59.810 -62.819 -66.417 -70.591 -75.326 -78.393 -82.482 -88.795 -93.791 -101.013 -102.202 -99.731
-107.897 -112.016 -123.223 -121.358 -111.001 -95.202 -68.233 -74.017 -79.488 -48.623 -50.974 -52.786 -53.980 -63.185 -42.823 -22.194 -1.370 2.944 8.164 14.315 21.408 48.122 57.453 67.653 58.980 70.486 82.710 95.564 86.151 99.723 87.959 73.138 86.897 100.629 114.192 127.448 159.653 181.167 193.361 204.694 215.069 224.406 232.639 239.723 236.738 241.394 244.895 247.260 248.527 225.049 197.908 196.655 194.622 149.605 99.155 95.936 92.746 89.278 85.599 81.773 58.667 55.304 22.136 19.831 -1.741 -3.164 -4.451 -5.587 -6.563 0.027 -0.806 -1.461 -1.939 16.052 23.831 21.873 12.606 34.119 43.988 43.107 38.208 35.183 20.935 -29.275 -42.810 -69.421 -80.429 -76.462 -80.865 -79.594 -81.549 -83.321 -78.316 -73.282 -66.964 -70.397 -65.804 -61.417 -57.306 -53.545 -50.203 -47.351 -45.052 -36.083 -35.415 -35.479 -29.738 -31.700 -34.469 -34.900 -39.308 -44.457 -50.314 -56.842 -64.001 -72.160 -80.524 -89.198 -99.723 -107.566
-103.723 -116.186 -127.378 -127.139 -114.159 -105.224 -94.933 -90.423 -82.345 -69.697 -73.337 -47.763 -32.450 -32.208 -14.639 3.654 7.853 13.093 19.431 26.910 35.558 45.386 56.387 68.533 81.774 96.041 111.242 127.264 143.974 161.225 178.850 153.203 145.367 134.419 114.928 131.171 130.136 144.772 165.381 191.952 203.943 214.653 224.006 231.949 230.999 236.001 258.715 260.916 238.227 211.695 210.551 208.394 205.320 160.680 111.064 107.073 102.650 77.994 73.782 34.853 31.613 28.407 1.587 -9.927 -24.959 -17.869 -18.915 -19.793 -26.571 -26.915 -21.374 -32.335 -13.437 2.185 7.972 7.197 -14.991 11.758 22.214 17.701 23.997 11.031 -17.981 -45.835 -71.841 -87.629 -83.188 -90.149 -88.759 -89.431 -86.758 -80.551 -77.342 -65.930 -59.360 -47.053 -42.074 -35.829 -38.941 -33.581 -28.739 -24.527 -21.046 -18.384 -4.693 -0.928 -1.926 3.070 -0.438 -4.970 -10.478 -16.901 -24.175 -32.231 -41.001 -50.596 -60.690 -72.055 -83.285 -93.590
-92.926 -108.592 -122.090 -131.022 -122.058 -113.193 -119.345 -106.558 -100.269 -55.066 -51.627 -39.722 -26.867 -26.626 -25.471 -23.288 -19.967 -15.406 -9.518 -2.228 6.517 16.750 28.479 41.684 56.318 72.305 89.536 107.879 127.169 147.221 167.824 188.754 190.509 211.011 160.822 180.292 138.368 150.514 166.775 183.784 210.619 222.805 226.264 234.934 241.894 247.148 250.732 204.671 205.445 204.884 219.914 216.797 212.648 124.884 120.198 95.077 72.711 53.154 49.148 17.405 4.168 -11.764 -4.996 -21.573 -22.883 -27.891 -45.160 -45.339 -45.364 -45.236 -44.961 -27.813 -32.014 -16.260 -16.774 -24.899 -32.461 -18.541 -2.171 -6.289 -6.534 -13.355 -47.004 -73.738 -97.078 -100.162 -96.324 -106.124 -106.061 -95.847 -92.166 -84.668 -75.571 -67.312 -60.999 -56.054 -47.097 -40.522 -32.020 -37.307 -22.278 -14.394 1.867 5.565 0.167 10.577 12.191 10.376 17.583 13.258 13.269 5.366 -0.578 -9.962 -17.330 -28.900 -41.040 -54.215 -66.807 -80.305
-91.469 -113.045 -132.432 -143.865 -133.067 -129.991 -117.658 -104.918 -66.948 -52.813 -44.292 -47.150 -49.337 -50.703 -51.094 -50.355 -48.334 -44.890 -39.892 -33.230 -24.816 -14.588 -2.518 11.390 27.093 44.512 63.527 83.981 105.679 128.395 133.426 157.013 180.802 204.483 227.743 171.397 192.676 154.222 167.382 178.835 200.650 233.934 239.165 276.417 283.488 288.525 248.539 249.979 249.746 247.964 244.770 240.314 216.969 113.399 90.433 56.139 52.037 25.473 9.153 -1.963 -11.568 -16.305 -17.937 -50.494 -54.550 -63.920 -63.514 -62.990 -72.983 -72.040 -53.739 -62.938 -72.443 -55.075 -55.002 -57.238 -53.798 -48.867 -48.542 -32.079 -31.992 -45.908 -68.292 -90.643 -118.776 -126.782 -130.912 -134.805 -138.765 -133.494 -119.912 -105.702 -96.229 -76.482 -67.714 -52.599 -28.760 -7.071 -4.189 -3.603 -2.616 5.074 7.605 24.476 28.040 24.055 18.885 28.924 29.255 23.746 16.959 9.665 1.628 -4.191 -11.952 -20.159 -29.903 -45.366 -60.127 -75.073
-86.129 -103.457 -114.522 -134.880 -116.071 -110.706 -98.800 -51.932 -39.316 -30.823 -41.919 -59.957 -70.421 -73.701 -75.983 -77.067 -76.753 -74.852 -71.185 -65.596 -57.955 -48.165 -36.169 -21.952 -5.546 12.968 33.461 55.753 62.230 87.039 112.866 139.373 166.194 192.952 209.489 234.645 216.223 207.126 169.681 214.624 238.651 252.703 284.791 294.501 293.642 257.989 260.908 258.136 257.279 254.712 228.425 223.577 184.799 142.412 97.298 92.182 23.145 11.316 1.025 -7.860 -33.630 -44.974 -45.356 -50.557 -70.876 -82.532 -94.629 -93.205 -90.370 -68.884 -68.427 -68.008 -77.229 -76.682 -59.529 -59.783 -59.994 -49.225 -53.217 -35.812 -42.671 -52.000 -74.724 -118.545 -135.730 -143.709 -149.933 -151.012 -147.627 -143.335 -134.755 -125.379 -116.022 -84.103 -64.551 -44.199 -31.712 -14.680 -11.204 5.151 10.864 3.929 8.899 8.353 9.971 17.772 19.677 19.817 30.469 33.463 38.084 36.107 14.151 6.245 -0.171 -16.783 -24.737 -35.909 -46.906 -65.039
-75.485 -99.405 -116.852 -141.115 -135.992 -130.864 -49.436 -14.933 -15.599 -30.071 -31.865 -54.011 -57.816 -60.859 -73.646 -94.622 -104.712 -104.756 -102.843 -98.761 -92.330 -83.411 -71.911 -57.790 -41.066 -21.817 -0.184 7.069 32.500 59.571 87.920 117.142 146.807 176.092 195.664 223.164 231.346 195.811 218.298 214.267 239.596 254.701 287.361 297.529 262.676 267.708 270.367 264.384 262.846 238.027 229.702 224.087 149.504 125.515 90.360 57.148 43.782 32.093 -36.315 -33.333 -33.808 -49.698 -61.222 -73.035 -78.880 -87.141 -85.810 -84.252 -63.287 -72.636 -70.489 -70.305 -70.264 -70.322 -54.156 -55.146 -56.114 -37.558 -55.730 -42.330 -46.478 -46.978 -61.650 -121.041 -136.592 -147.900 -152.165 -156.046 -152.729 -144.858 -135.632 -126.440 -81.228 -74.920 -60.656 -54.465 -58.559 -59.631 -35.790 -16.898 5.256 13.058 10.548 27.506 34.181 39.866 41.591 40.831 41.220 43.621 40.716 38.935 33.926 24.185 8.787 -1.394 -17.885 -25.914 -45.396 -57.055
-75.786 -98.391 -125.748 -136.547 -131.960 -108.930 -51.253 -36.214 -29.863 -31.456 -34.870 -52.290 -56.094 -84.247 -88.796 -92.142 -94.003 -114.486 -124.498 -132.121 -127.314 -119.678 -109.076 -95.441 -78.772 -59.147 -52.382 -27.615 -0.519 28.543 59.150 91.743 123.481 146.913 177.857 191.199 235.930 261.414 232.117 209.380 235.618 251.528 284.240 252.983 260.552 265.411 267.713 244.629 237.950 234.617 229.748 188.320 146.890 94.312 77.071 47.825 15.162 -12.181 -12.558 -49.428 -61.060 -59.986 -64.977 -63.427 -68.311 -75.886 -74.094 -84.127 -62.267 -61.929 -61.939 -60.482 -61.163 -62.077 -47.092 -49.101 -51.252 -53.491 -43.416 -41.999 -50.540 -46.155 -66.062 -107.070 -138.301 -152.024 -148.895 -152.865 -149.631 -141.468 -108.620 -92.992 -85.135 -70.437 -75.484 -71.888 -78.907 -64.168 -44.461 -23.701 -6.081 18.925 39.595 50.097 58.250 71.869 74.125 73.505 70.187 81.390 64.767 58.067 45.695 30.987 20.901 7.523 -4.169 -21.320 -39.879 -55.274
-74.509 -91.343 -118.890 -138.877 -126.727 -95.481 -38.005 -20.699 -31.412 -43.485 -48.371 -53.131 -57.608 -78.289 -82.808 -116.058 -120.544 -107.077 -87.109 -83.086 -129.507 -130.463 -120.022 -106.190 -88.941 -68.337 -62.657 -36.025 -6.683 24.964 59.015 93.191 128.066 137.402 156.055 189.405 218.598 245.779 220.018 200.155 226.876 243.311 275.559 245.501 252.944 257.502 259.379 236.867 234.812 230.985 220.964 186.121 148.133 80.764 44.564 14.645 -7.939 -41.289 -31.495 -30.302 -52.445 -50.460 -48.230 -51.731 -49.351 -72.309 -72.059 -70.129 -48.780 -48.713 -49.244 -50.345 -44.603 -46.790 -49.642 -36.848 -39.454 -48.479 -27.676 -53.001 -47.934 -47.444 -61.064 -104.477 -130.680 -146.738 -151.180 -155.611 -152.630 -145.188 -94.230 -94.896 -90.673 -88.072 -84.909 -96.247 -88.443 -58.693 -27.697 -6.289 14.700 32.481 29.537 42.878 77.645 95.323 86.884 96.340 91.116 83.652 85.055 78.480 67.488 47.491 38.032 14.956 -3.931 -14.935 -31.834 -50.060
-69.521 -85.584 -112.745 -139.864 -124.292 -62.163 -10.369 -22.975 -33.619 -32.299 -50.166 -42.363 -45.782 -48.887 -51.469 -77.134 -113.520 -116.759 -117.860 -116.444 -112.167 -104.733 -149.978 -151.907 -135.175 -108.923 -102.276 -75.013 -44.666 -9.998 24.460 60.381 97.128 124.996 143.880 194.418 225.911 255.148 250.315 236.063 227.984 230.496 205.310 233.081 240.208 244.339 224.511 224.093 221.707 217.649 212.199 145.569 129.986 52.105 11.642 -31.174 -38.590 -36.605 -26.104 -23.567 -20.627 -39.535 -36.170 -48.890 -45.553 -49.021 -55.788 -53.637 -27.239 -27.693 -29.061 -31.291 -34.264 -36.209 -40.907 -26.564 -32.303 -37.786 -20.260 -34.322 -40.124 -49.803 -64.041 -95.274 -129.149 -144.331 -153.968 -158.901 -156.236 -139.522 -100.725 -111.518 -96.868 -91.047 -101.034 -92.756 -82.202 -43.242 -5.342 18.000 31.148 52.536 33.822 49.425 63.439 72.860 103.475 114.090 108.459 109.114 98.559 95.024 83.273 75.943 59.858 39.416 7.830 -6.902 -26.518 -45.083
-65.427 -84.481 -101.250 -129.592 -88.631 -30.774 4.947 13.094 32.199 -8.889 -19.907 -39.153 -59.861 -64.988 -69.811 -74.050 -137.013 -143.340 -147.477 -148.959 -147.354 -142.292 -133.485 -120.746 -160.997 -172.861 -148.570 -120.335 -83.147 -35.174 -0.256 36.284 73.765 103.236 139.867 173.905 206.158 230.775 243.977 217.098 225.257 203.876 217.184 246.799 237.510 206.289 207.681 206.901 204.301 200.210 161.278 123.335 81.046 12.367 -21.112 -34.521 -35.696 -31.863 -20.418 -16.272 -11.678 -27.506 -32.500 -27.792 -29.133 -25.149 -35.092 -28.368 -9.513 -10.379 -12.554 -15.710 -20.311 -22.729 -29.355 -36.204 -24.626 -29.912 -37.079 -21.639 -47.617 -46.748 -59.719 -80.311 -130.058 -145.084 -157.202 -168.577 -165.938 -133.009 -114.465 -105.607 -101.021 -112.524 -108.734 -102.341 -64.208 -26.217 4.327 31.912 43.193 69.488 57.409 75.557 90.487 100.101 104.822 104.693 125.906 125.782 110.533 110.935 118.167 101.631 74.737 45.579 23.266 -5.170 -24.461 -46.828
-65.899 -89.091 -101.535 -111.096 -84.579 -16.866 -3.174 -5.389 21.638 35.101 35.585 -22.519 -24.426 -46.693 -70.267 -75.399 -79.823 -117.326 -149.075 -152.208 -181.111 -178.613 -171.991 -161.015 -145.597 -150.954 -159.162 -144.211 -109.738 -75.734 -35.685 1.863 40.425 71.923 110.465 145.425 178.477 208.993 224.152 212.784 167.898 184.395 215.224 224.759 230.736 211.482 212.095 210.561 190.610 175.102 102.348 60.769 43.186 0.791 -23.318 -37.306 -32.787 -27.237 -14.619 -8.632 -10.076 -3.279 -17.845 -11.667 -11.355 -0.357 -8.086 -8.881 12.249 9.744 8.180 9.871 2.797 -1.548 -10.823 -17.998 -9.224 -19.634 -33.292 -20.135 -38.494 -48.171 -52.761 -83.038 -128.351 -141.010 -165.192 -184.964 -165.414 -139.812 -117.861 -105.028 -115.722 -120.867 -120.259 -101.512 -60.922 -36.579 5.828 32.153 63.143 92.880 91.926 90.200 106.313 116.949 121.664 120.512 114.024 147.022 135.379 140.963 111.799 102.266 81.959 53.747 27.230 -5.090 -25.716 -50.711
-72.414 -89.084 -107.225 -85.754 -15.861 -13.980 -11.240 -13.769 16.264 28.725 46.290 53.729 -17.202 -40.575 -66.049 -92.835 -99.804 -139.989 -147.271 -180.662 -183.543 -212.779 -208.402 -199.225 -185.157 -173.853 -150.644 -168.512 -133.679 -110.624 -73.475 -34.484 5.556 41.276 81.288 116.778 150.239 181.015 197.143 167.801 147.097 162.852 191.367 200.014 195.322 178.542 178.704 172.944 178.102 128.829 59.167 50.019 29.671 -6.955 -30.699 -41.676 -30.330 -22.875 -8.880 -8.370 0.123 9.014 -2.621 5.216 7.318 19.285 12.669 15.505 37.047 40.355 37.075 29.823 20.486 9.610 5.058 -7.775 -20.265 -14.456 -26.276 -36.398 -26.083 -44.486 -55.758 -62.973 -122.002 -158.280 -178.119 -186.585 -155.970 -145.357 -115.702 -116.481 -125.050 -130.447 -125.074 -112.359 -75.672 -19.391 16.854 53.027 77.418 100.249 104.398 128.611 132.081 140.648 144.971 147.570 171.609 142.854 116.940 127.828 123.570 101.777 77.018 50.690 24.257 -10.437 -27.192 -50.804
-80.096 -95.256 -110.236 -69.168 -21.483 -20.057 -7.264 -8.688 -10.995 16.816 32.735 39.488 46.191 20.438 -58.620 -87.510 -117.534 -160.178 -170.443 -178.191 -182.797 -213.676 -210.730 -234.317 -204.571 -209.570 -198.663 -171.214 -137.735 -139.063 -111.336 -72.188 -32.103 18.242 52.382 89.230 122.719 153.389 170.133 118.214 137.026 126.359 149.848 149.763 153.689 135.690 135.345 128.983 112.832 36.925 36.575 37.217 37.234 -13.595 -34.707 -41.504 -32.714 -26.554 -10.405 -0.317 10.339 21.455 12.712 22.373 31.832 39.545 39.848 45.880 77.052 76.116 62.082 52.880 41.074 31.010 20.715 2.229 -13.395 -9.973 -3.483 -17.073 -10.998 -30.228 -44.889 -53.716 -75.318 -136.541 -182.401 -191.135 -161.125 -148.514 -130.361 -126.487 -134.353 -155.927 -140.054 -116.447 -76.930 -13.841 22.788 51.644 87.082 122.007 121.139 148.732 147.127 147.304 151.915 170.396 168.101 155.421 129.201 130.575 103.124 86.644 69.401 42.437 13.912 -15.709 -35.500 -59.220
-91.171 -108.367 -113.795 -67.159 -30.797 -26.578 -2.321 -7.308 -12.394 21.025 19.878 25.957 31.898 37.534 42.713 -53.327 -86.416 -120.388 -190.695 -201.233 -208.396 -211.546 -240.174 -218.571 -249.528 -251.864 -229.116 -198.464 -167.397 -133.029 -118.685 -89.002 -57.506 -7.359 21.176 56.646 96.653 127.224 128.005 90.806 96.876 109.859 120.235 120.028 113.270 96.487 90.399 79.240 81.549 13.445 14.121 15.474 19.498 -23.431 -39.498 -44.065 -41.104 -28.070 -4.813 7.407 20.251 33.646 27.688 46.767 53.675 65.917 65.286 82.699 112.882 101.220 88.450 82.255 67.399 46.591 33.485 14.036 22.171 0.368 -3.056 -19.220 -14.853 -25.050 -42.561 -54.353 -78.946 -142.271 -166.961 -171.134 -166.269 -145.857 -141.739 -149.373 -159.916 -164.342 -144.975 -120.474 -78.678 -12.268 18.844 62.801 104.192 115.763 119.491 150.010 173.152 173.310 161.539 196.248 179.132 151.847 124.934 131.859 97.479 52.977 28.546 30.623 9.433 -35.347 -51.900 -70.629
-104.007 -119.029 -103.917 -36.157 -41.048 -31.036 -13.053 -13.460 -22.083 -6.314 15.966 13.452 18.649 23.433 27.685 31.311 -6.885 -109.917 -183.527 -220.830 -230.355 -235.503 -235.741 -257.582 -275.229 -276.990 -254.190 -222.902 -191.673 -157.235 -120.377 -81.880 -70.736 -29.045 0.331 35.161 67.586 96.272 80.335 62.551 78.167 80.808 94.325 88.963 85.949 62.284 52.677 50.540 -9.266 -9.525 -7.714 -4.068 1.069 -33.519 -44.205 -53.136 -39.298 -25.218 -4.056 14.521 29.548 45.185 44.614 63.822 79.831 88.753 100.877 106.517 139.549 126.156 123.764 103.409 85.582 65.013 45.410 53.236 26.284 3.239 -3.134 -22.396 -38.082 -30.242 -50.810 -58.574 -59.054 -103.897 -158.021 -172.143 -158.817 -160.285 -146.405 -157.008 -160.398 -167.619 -145.236 -124.270 -91.623 -19.812 24.166 68.460 95.144 132.124 148.903 183.576 209.606 207.409 241.931 231.232 196.701 167.408 161.746 109.341 76.689 44.705 22.893 2.519 -16.001 -53.756 -65.904 -95.748
-129.546 -133.158 -78.084 -41.779 -52.276 -41.739 -23.662 -17.695 -27.619 -16.944 4.507 2.187 6.688 10.637 13.954 16.597 18.555 -23.961 -170.848 -211.628 -248.258 -255.111 -256.483 -252.348 -242.689 -296.244 -273.185 -241.260 -209.870 -175.483 -138.919 -100.938 -62.274 -32.398 -10.779 17.175 48.540 58.233 58.186 39.200 49.821 60.321 71.383 59.385 45.509 24.966 22.302 20.082 -36.106 -35.036 -27.632 -22.035 -15.032 -47.967 -56.976 -53.939 -37.856 -21.705 -4.947 17.726 38.597 58.598 59.705 86.151 99.733 117.682 122.485 129.078 165.177 169.464 147.020 123.375 102.496 78.529 93.690 61.185 30.166 3.704 -22.385 -31.960 -48.997 -37.871 -48.389 -56.057 -63.697 -79.833 -167.607 -184.230 -157.436 -145.915 -154.610 -159.748 -163.017 -169.838 -148.379 -121.336 -92.712 -24.378 30.909 61.303 122.461 165.434 182.524 228.173 258.124 274.005 296.163 281.466 233.631 183.208 156.376 109.478 65.523 29.858 12.703 -21.799 -53.656 -80.061 -90.904 -117.212
-152.490 -154.358 -65.327 -54.495 -57.613 -56.791 -43.348 -27.633 -32.066 -21.007 -21.501 0.446 -3.843 -0.686 1.717 3.387 4.380 4.777 -30.181 -127.430 -236.252 -260.808 -271.236 -267.436 -257.737 -288.622 -285.675 -253.144 -221.626 -187.442 -151.432 -114.313 -76.730 -31.671 -5.976 8.255 19.865 26.920 39.501 23.564 32.368 44.148 37.551 20.847 18.203 4.474 1.074 -56.331 -57.274 -54.985 -49.648 -41.756 -36.910 -41.759 -58.597 -54.826 -37.029 -18.643 -0.230 23.663 46.092 70.546 81.685 104.472 120.374 130.482 142.004 157.118 159.097 193.535 168.233 148.902 117.423 90.131 103.884 63.961 25.345 -3.397 -29.383 -35.757 -55.767 -69.553 -61.283 -71.419 -59.871 -37.911 -150.681 -178.735 -152.558 -142.134 -131.106 -161.650 -160.905 -162.001 -144.628 -122.495 -96.911 -30.214 13.131 73.325 139.155 172.530 230.379 253.844 300.455 354.222 313.481 293.948 257.126 209.570 189.480 114.514 58.387 33.762 -4.013 -39.933 -83.583 -113.135 -125.581 -139.682
-186.774 -179.179 -56.243 -68.239 -70.295 -68.911 -59.780 -36.968 -29.719 -30.050 -23.953 -1.545 -12.898 -10.474 -8.935 -8.197 -8.128 -8.569 -43.384 -47.661 -103.002 -244.525 -258.506 -276.961 -266.898 -277.384 -272.795 -258.469 -226.910 -207.862 -171.590 -134.826 -98.137 -42.798 -13.766 7.462 7.124 20.525 4.502 6.154 12.572 15.019 10.965 9.823 -7.887 -13.880 -18.024 -76.515 -76.862 -73.371 -66.292 -64.847 -51.957 -47.888 -58.000 -55.560 -35.921 -15.973 3.767 31.403 57.275 83.393 88.686 117.854 140.625 146.743 169.142 178.296 177.605 214.482 199.939 164.738 137.017 139.812 118.819 77.957 41.535 4.762 -34.100 -56.990 -61.376 -77.773 -76.879 -73.900 -59.252 -48.295 -98.377 -172.297 -151.778 -144.303 -136.389 -158.673 -147.306 -153.214 -145.926 -121.434 -95.487 -61.687 19.480 82.492 161.411 176.493 219.383 291.363 304.290 366.057 358.689 316.043 284.918 223.620 203.981 136.440 55.622 22.595 -28.399 -70.166 -103.694 -143.453 -160.431 -176.104
-222.191 -172.828 -68.747 -81.871 -78.963 -81.144 -70.302 -49.628 -38.394 -37.928 -31.679 -26.417 -4.067 -18.747 -18.003 -18.124 -18.903 -20.106 -54.436 -59.144 -100.854 -99.407 -179.295 -259.469 -270.179 -253.818 -272.863 -259.492 -227.814 -205.732 -170.554 -135.364 -100.582 -66.558 -37.432 -8.156 8.164 19.865 -10.689 -7.459 -6.261 -2.117 -1.616 -4.169 -23.220 -38.719 -104.044 -94.430 -94.214 -99.754 -90.471 -77.629 -62.343 -45.880 -59.375 -53.359 -34.758 -13.621 8.418 40.383 64.079 92.313 96.171 121.336 151.305 166.895 183.172 193.204 195.348 239.882 223.245 176.918 167.869 158.081 119.800 79.597 37.901 -0.278 -29.692 -53.677 -76.150 -93.912 -98.966 -82.292 -50.278 -55.173 -74.435 -156.722 -149.999 -139.218 -137.487 -136.157 -146.719 -152.324 -136.473 -127.066 -99.507 -57.607 23.517 102.393 140.805 290.257 338.916 326.550 341.093 329.454 317.425 248.869 243.393 245.934 187.234 143.798 91.528 12.072 -44.105 -89.831 -125.418 -177.293 -192.033 -216.071
-255.440 -192.418 -81.149 -93.376 -84.952 -93.902 -80.350 -57.602 -35.532 -44.624 -38.121 -32.952 -11.791 -16.899 -25.553 -26.434 -27.953 -29.806 -63.286 -68.266 -107.677 -105.626 -105.462 -143.205 -247.831 -231.700 -285.598 -255.762 -219.876 -187.404 -164.393 -131.192 -98.746 -67.208 -47.069 -22.415 0.672 2.569 -12.802 -11.489 -10.353 -10.625 -11.395 -15.132 -35.428 -51.820 -119.770 -123.709 -134.971 -113.732 -102.839 -88.049 -70.635 -52.028 -53.577 -51.045 -33.752 -11.175 12.362 39.179 69.387 96.058 102.411 127.465 152.738 175.447 192.901 203.645 205.814 198.480 234.257 233.362 237.272 190.885 130.915 72.261 30.596 -4.376 -45.534 -69.266 -87.498 -97.300 -105.128 -87.730 -51.706 -36.283 -57.787 -118.951 -159.325 -139.230 -137.251 -132.624 -147.674 -147.733 -136.137 -124.519 -109.139 -91.344 43.147 84.381 272.759 282.889 243.551 190.270 172.593 163.717 164.335 158.882 168.549 142.316 157.919 128.300 92.512 15.467 -71.253 -112.858 -142.506 -198.271 -221.883 -242.968
-280.023 -193.987 -92.360 -105.385 -94.254 -93.812 -98.044 -69.982 -42.504 -39.574 -43.319 -38.198 -34.835 -23.214 -22.177 -21.927 -35.336 -37.695 -69.950 -75.023 -111.730 -109.018 -107.791 -103.501 -96.620 -187.154 -259.788 -242.141 -206.855 -175.452 -144.691 -123.027 -93.320 -72.541 -48.299 -33.235 -20.350 -12.745 -20.282 -19.022 -3.199 -9.026 -18.341 -22.951 -44.292 -123.292 -132.119 -149.315 -147.388 -139.346 -125.754 -107.756 -76.642 -56.286 -48.976 -51.994 -33.097 -8.983 17.369 40.819 70.628 97.369 109.298 130.008 155.921 169.579 197.942 209.168 211.264 203.192 278.083 250.142 242.479 191.090 119.443 58.483 15.569 -20.566 -54.501 -79.507 -95.725 -92.937 -108.580 -108.563 -41.895 -18.194 -31.983 -86.057 -122.780 -131.013 -128.139 -123.314 -140.563 -141.215 -145.292 -130.156 -107.972 -65.776 33.535 212.855 194.903 146.853 123.349 141.877 153.368 174.164 176.676 160.549 135.535 112.598 90.716 84.936 64.483 -7.506 -79.910 -129.333 -173.373 -221.384 -241.093 -278.924
-323.725 -180.818 -131.130 -95.062 -100.653 -104.470 -106.337 -77.677 -48.132 -44.611 -47.321 -42.244 -39.226 -38.018 -27.902 -28.230 -28.993 -43.841 -74.502 -79.477 -113.114 -109.708 -107.362 -101.608 -135.881 -121.966 -152.228 -200.815 -180.323 -159.564 -130.895 -103.774 -88.443 -80.138 -45.052 -34.122 -23.008 -47.165 -27.217 -21.228 -6.340 -3.118 -3.877 -18.882 -111.728 -144.893 -154.483 -158.433 -155.985 -147.058 -109.921 -93.345 -73.839 -51.006 -22.353 -50.154 -31.687 -6.890 18.502 41.260 74.068 101.463 108.403 129.228 147.580 169.258 186.532 196.721 211.466 242.307 288.179 230.832 218.167 155.248 105.331 50.654 7.406 -28.873 -62.937 -87.866 -101.029 -114.581 -110.699 -107.780 -77.563 -7.963 -15.968 -27.005 -83.781 -119.023 -106.726 -106.009 -113.066 -122.547 -131.527 -112.366 -104.330 -57.423 70.228 162.015 102.680 71.118 95.863 136.910 154.410 170.184 171.416 159.071 138.110 105.160 79.752 53.493 40.207 -17.046 -86.653 -151.687 -184.701 -242.779 -263.727 -318.960
-327.680 -170.942 -164.013 -130.882 -108.235 -105.034 -97.074 -69.000 -41.195 -37.348 -50.180 -45.182 -42.508 -52.333 -32.469 -33.266 -34.391 -58.982 -63.453 -108.157 -112.012 -107.905 -104.433 -138.367 -125.820 -109.912 -109.471 -113.088 -125.737 -132.542 -114.348 -103.948 -91.920 -67.154 -42.384 -31.726 -24.201 -46.081 -31.386 -16.649 -7.621 -4.407 -4.984 -14.918 -130.355 -116.500 -134.994 -163.484 -133.827 -126.650 -113.953 -94.724 -66.384 -45.137 -20.617 -35.462 -34.438 -12.590 12.225 35.681 66.860 75.918 104.919 119.269 143.331 164.821 181.953 140.018 126.446 194.490 171.434 181.463 195.769 160.284 95.127 46.871 -2.237 -37.987 -71.652 -96.114 -108.848 -122.114 -118.867 -105.850 -78.817 -23.631 25.177 -1.382 -46.722 -97.489 -106.222 -104.050 -93.976 -105.083 -94.274 -102.164 -92.406 -41.739 92.582 57.530 38.195 53.625 96.901 119.171 142.703 167.417 163.939 152.226 135.455 105.829 64.995 28.023 15.576 -13.730 -86.437 -161.766 -214.601 -258.726 -286.645 -358.987
-332.450 -188.297 -202.771 -134.670 -134.953 -112.095 -92.873 -71.919 -49.994 -35.244 -23.681 -36.735 -41.229 -54.225 -57.706 -37.133 -38.474 -61.294 -65.426 -95.289 -97.471 -103.889 -99.337 -127.739 -113.483 -95.702 -91.741 -92.591 -71.367 -45.768 -83.857 -84.207 -81.101 -59.705 -39.038 -31.691 -38.436 -49.552 -41.717 -24.798 -19.824 -3.704 -9.244 -62.442 -100.658 -114.079 -135.253 -111.789 -113.109 -122.363 -103.163 -86.946 -63.743 -38.748 -17.817 -24.318 -21.903 -9.721 14.080 34.300 54.928 62.612 82.147 94.664 104.140 118.021 120.718 122.648 174.727 160.922 137.321 168.483 182.210 146.472 94.030 34.650 -8.771 -47.583 -80.375 -104.035 -116.111 -128.957 -137.995 -95.439 -83.962 -40.106 19.079 49.876 -14.577 -66.953 -104.726 -98.718 -95.048 -101.153 -97.652 -86.569 -74.054 -9.941 34.760 25.397 11.728 50.562 76.908 103.836 129.499 153.475 152.130 143.971 127.351 104.451 65.439 25.946 -5.370 -31.571 -81.134 -166.777 -239.855 -278.356 -307.742 -379.042
-326.511 -202.325 -191.559 -170.643 -141.436 -133.469 -81.358 -47.796 -51.579 -30.578 -20.371 -28.038 -28.406 -40.470 -40.346 -52.333 -61.546 -86.446 -93.766 -119.076 -93.314 -88.006 -82.125 -115.265 -99.466 -74.903 -55.770 -33.401 -42.731 -29.030 -22.562 -8.638 -13.943 -26.023 -27.753 -31.813 -60.898 -47.867 -41.296 -29.866 -31.231 -19.361 9.235 -60.391 -98.329 -75.301 -60.021 -57.099 -38.489 -40.277 -67.397 -71.074 -56.733 -38.999 -20.817 5.742 -19.833 1.658 13.925 32.265 50.835 54.824 70.173 62.899 90.377 101.935 109.359 110.403 159.427 144.783 113.283 134.209 179.635 129.254 78.271 20.951 -20.328 -57.286 -88.799 -111.388 -122.633 -134.978 -138.229 -103.721 -64.524 -44.871 4.177 37.039 25.337 -18.519 -83.492 -94.177 -97.105 -90.423 -97.345 -86.312 -56.084 11.832 -6.430 -30.103 -0.334 34.344 61.494 89.344 112.821 149.230 156.690 140.566 122.088 96.268 63.641 28.895 -18.764 -37.247 -80.047 -170.561 -245.539 -289.902 -326.444 -390.281
-189.864 -193.077 -199.812 -176.900 -172.653 -135.955 -59.304 -47.252 -62.877 -37.744 -21.289 -12.988 -23.067 -26.920 -51.594 -66.287 -40.925 -62.734 -74.924 -100.139 -102.122 -64.138 -96.266 -75.547 -57.321 -35.446 -28.270 -3.898 -19.159 -4.373 1.503 15.726 23.289 29.483 25.632 -17.167 -46.845 -42.465 -34.640 -21.215 -16.170 -7.711 -54.843 -38.598 -11.163 -19.706 -16.954 -25.596 -0.531 -7.507 -10.549 -58.906 -32.071 -16.408 3.559 22.232 -15.194 -0.597 22.096 28.050 45.129 37.882 54.662 54.901 79.730 89.773 95.880 145.548 141.008 125.631 94.600 133.678 151.515 102.786 60.769 15.396 -32.100 -63.999 -92.453 -110.971 -128.205 -140.021 -122.923 -90.461 -59.097 -48.867 -33.838 32.240 29.515 3.876 -36.888 -98.380 -91.489 -97.156 -99.811 -81.841 -32.639 1.535 -39.292 -41.372 -2.232 17.475 43.781 70.188 104.786 135.934 145.256 129.591 112.512 88.199 52.843 23.201 -15.151 -43.599 -79.894 -160.219 -244.429 -305.011 -357.065 -392.340
-177.209 -190.500 -203.712 -206.291 -174.229 -154.292 -57.328 -45.221 -43.668 -47.601 -21.369 -13.949 -25.592 -49.077 -50.118 -51.102 -78.327 -50.123 -51.444 -77.424 -77.205 -71.115 -70.206 -55.183 -35.060 -10.921 2.942 21.412 14.621 22.761 37.409 45.302 48.350 24.317 7.152 -32.571 -36.508 -17.296 -8.508 -3.240 30.500 -17.406 -21.367 37.326 74.016 110.567 101.264 48.343 34.381 21.631 12.442 8.332 -30.950 -17.097 1.353 19.153 8.353 -1.228 19.375 25.240 19.833 25.932 37.899 46.327 68.137 76.396 80.968 125.965 120.405 104.428 74.244 111.002 127.639 81.238 35.455 -6.546 -43.289 -72.747 -97.459 -116.188 -132.598 -142.728 -116.612 -80.720 -67.366 -52.168 -38.129 3.514 35.459 56.822 12.391 -73.545 -97.690 -101.456 -98.231 -92.766 -29.455 -23.035 -59.820 -51.269 -16.093 1.730 25.530 60.286 87.512 121.631 128.884 127.386 102.140 72.324 45.242 14.834 -18.381 -52.725 -75.884 -148.485 -244.935 -308.349 -367.281 -348.771
-178.158 -190.322 -202.957 -205.061 -172.333 -116.910 -102.033 -41.751 -40.313 -45.574 -23.113 -14.214 -24.841 -46.960 -47.606 -47.946 -71.970 -75.179 -37.109 -62.056 -60.800 -55.043 -81.583 -36.893 -14.863 11.741 22.528 53.426 73.093 49.244 62.359 67.313 66.216 27.021 19.089 -59.567 -28.413 -14.442 -1.543 10.576 -3.955 1.033 33.157 34.410 40.632 125.549 116.077 60.193 43.681 27.790 15.365 8.349 -7.203 -17.412 -1.739 15.092 55.790 2.287 16.373 22.273 16.806 14.227 6.105 37.586 56.160 62.462 65.366 105.222 98.648 83.524 50.516 99.042 60.710 59.160 16.770 -21.533 -54.598 -82.113 -109.169 -124.980 -141.326 -123.997 -109.103 -71.216 -69.607 -69.197 -41.594 7.879 24.324 42.663 49.399 -39.869 -98.505 -108.439 -102.316 -99.602 -40.558 -43.584 -65.671 -50.105 -34.486 -15.756 8.604 41.839 69.622 107.006 115.733 116.295 91.436 62.455 37.686 4.893 -19.328 -59.443 -75.399 -134.499 -242.323 -310.189 -375.623 -349.118
-164.387 -185.071 -197.488 -199.597 -158.403 -109.259 -95.019 -25.651 -35.742 -25.136 -33.020 -13.850 -23.013 -42.392 -43.957 -43.407 -64.127 -65.895 -31.475 -52.849 -51.544 -46.243 -67.157 -27.104 -3.974 18.809 33.045 67.681 97.640 83.978 86.202 88.385 32.560 29.148 -24.247 -49.389 -13.134 -6.459 6.020 9.705 3.326 9.528 41.978 44.587 52.429 139.073 129.437 70.897 51.865 32.860 17.224 7.333 4.155 -19.889 -5.780 10.105 46.979 5.786 13.175 26.848 13.843 10.609 2.296 29.066 44.337 48.618 49.810 84.298 76.771 61.618 32.466 10.975 37.949 37.490 -1.171 -35.476 -64.606 -88.530 -109.414 -127.303 -142.587 -112.944 -84.197 -69.289 -70.084 -71.823 -66.691 -8.900 16.892 21.299 47.249 8.952 -51.255 -111.524 -108.062 -93.086 -51.128 -63.756 -74.878 -60.157 -50.970 -32.977 -3.893 23.387 51.769 76.285 102.933 105.568 69.299 52.690 30.382 0.739 -18.264 -58.773 -71.141 -123.055 -233.331 -301.843 -366.047 -166.254
-154.675 -174.846 -187.486 -190.149 -107.906 -99.368 -86.154 -18.468 -19.920 -20.704 -30.388 -27.409 -20.473 -23.499 -39.101 -37.404 -54.758 -55.043 -55.585 -42.680 -41.639 -38.149 -53.293 -45.943 0.580 25.882 51.120 88.004 120.115 142.333 108.441 108.112 60.381 44.081 -39.902 -38.477 -3.307 3.431 15.746 -3.168 14.646 44.163 50.183 53.655 22.640 150.054 140.221 120.188 58.041 36.121 17.490 4.939 10.131 -4.701 -10.789 4.291 46.164 56.298 11.665 13.640 2.800 1.003 -1.068 7.713 33.150 35.449 34.978 64.101 55.735 40.704 13.960 -7.555 16.499 -18.712 -17.711 -47.885 -72.958 -93.215 -116.716 -124.368 -122.972 -70.780 -77.773 -65.953 -69.499 -73.788 -59.108 -32.063 8.597 3.005 37.392 67.299 0.968 -87.132 -110.337 -96.120 -67.092 -72.348 -76.375 -65.461 -65.855 -53.977 -21.181 5.487 34.583 60.742 91.092 81.085 57.605 43.337 12.909 -3.097 -24.175 -59.509 -70.032 -110.037 -211.452 -294.941 -305.377 -130.018
-140.020 -160.020 -173.372 -167.068 -94.530 -87.597 -75.766 -10.263 -12.032 -4.328 1.652 -38.988 -17.267 -19.223 -33.008 -45.176 -43.858 -42.678 -42.492 -60.203 -31.255 -28.727 -46.785 -32.125 5.155 37.735 66.756 105.711 139.942 163.648 128.585 146.364 64.562 2.258 -25.372 -17.449 -8.486 15.052 -11.178 5.761 23.409 51.391 57.335 34.378 68.950 106.513 147.363 125.957 61.379 36.923 15.704 0.887 0.333 -11.409 -16.723 -0.058 34.736 64.822 13.804 10.087 1.438 -5.386 -3.886 2.250 22.988 23.438 21.440 45.403 36.361 21.604 2.965 -24.063 -2.889 -35.438 -32.329 -58.392 -79.410 -96.841 -116.839 -122.340 -51.792 -58.894 -43.330 -59.381 -67.890 -82.457 -62.381 -39.953 -19.537 -9.038 -2.688 49.549 -8.113 -61.098 -103.465 -101.067 -71.890 -84.073 -79.795 -75.108 -78.167 -70.011 -37.552 -11.344 18.637 46.558 63.388 70.523 46.780 19.005 7.227 -11.342 -25.526 -52.119 -66.018 -101.088 -189.439 -284.777 -265.545 -116.838
-121.013 -141.213 -155.770 -95.219 -79.391 -74.388 -64.240 -75.717 -3.454 2.237 6.217 -27.499 -24.405 -15.629 -8.010 -34.804 -31.463 -28.888 -35.172 -36.620 -52.986 -23.789 -39.724 -25.707 -3.590 40.444 79.604 120.378 156.621 181.852 191.233 99.322 65.804 -12.177 -10.277 0.256 -16.568 -10.124 11.377 15.760 32.625 58.107 63.070 39.805 73.221 110.006 149.964 127.396 96.567 34.761 11.539 7.129 -7.536 -9.041 -23.478 -7.615 23.313 50.972 30.219 4.979 -3.264 -6.189 -6.098 -11.113 3.027 12.948 9.625 28.801 19.281 4.946 -12.225 -38.015 -19.652 -49.574 -76.179 -66.761 -83.838 -97.680 -114.964 -85.118 10.644 -23.464 -32.674 -43.124 -65.316 -83.167 -66.744 -56.685 -31.047 -21.625 -18.221 11.027 17.820 -19.920 -75.571 -81.468 -79.660 -89.547 -86.160 -84.772 -89.450 -79.260 -64.884 -26.648 4.424 7.774 52.665 61.566 32.047 12.219 -5.740 -15.737 -21.768 -47.933 -62.338 -86.790 -168.094 -268.819 -89.806 -99.112
-98.492 -119.254 -122.175 -74.192 -63.068 -60.237 -51.994 -64.198 5.602 9.021 -37.414 -31.311 -15.412 -11.006 -16.274 -10.062 -30.446 -26.627 -25.791 -28.008 -44.914 -44.644 -37.299 -14.017 7.150 49.481 89.443 131.699 169.744 196.463 238.201 102.904 39.154 3.673 21.269 -14.075 -28.160 -17.576 23.912 27.274 59.708 64.149 67.129 42.753 74.004 109.003 147.385 123.923 91.934 29.337 4.845 -1.208 -16.730 -18.353 -19.955 -15.428 12.236 37.895 31.108 5.117 -3.453 -6.656 -7.688 -13.325 -11.077 4.200 -0.192 14.690 4.914 -3.463 -24.604 -49.076 -33.431 -60.847 -84.789 -103.171 -86.228 -96.598 -111.170 29.060 29.239 -7.267 9.532 -35.502 -56.615 -60.296 -70.770 -64.914 -43.015 -36.654 -35.863 -4.838 -8.887 -31.172 -62.665 -35.435 -82.451 -97.811 -88.364 -88.410 -98.257 -91.944 -86.029 -48.696 -26.049 -5.280 44.082 32.166 31.114 -5.313 -11.501 -15.334 -11.084 -44.338 -58.925 -77.653 -156.297 -246.481 -69.597 -77.650
-73.489 -95.128 -34.688 -52.298 -59.962 -45.666 -39.461 -52.522 14.899 15.851 -30.242 -24.317 -39.239 -23.538 -5.716 4.273 -13.285 -7.954 -6.890 -10.085 -27.106 -28.877 -34.318 -22.025 15.579 55.879 96.185 139.494 179.028 237.182 246.652 111.914 24.219 37.157 -64.439 -40.574 -13.102 0.370 37.634 39.477 71.624 69.410 69.378 43.038 71.073 62.424 139.329 115.285 82.816 47.488 10.364 -15.807 -27.031 -28.195 -28.739 -23.243 1.810 25.918 28.981 26.961 2.591 -6.811 -8.680 -14.690 -14.312 -13.158 -7.893 3.261 -6.542 -15.244 -34.009 -57.111 -44.071 -69.154 -90.658 -106.509 -86.668 -93.746 -30.713 79.420 47.660 9.114 22.001 -12.114 -35.397 -59.339 -64.450 -60.008 -55.109 -29.638 -25.231 -42.289 -43.577 39.776 -78.339 -7.436 -70.127 -98.675 -87.878 -94.217 -106.702 -102.805 -110.952 -95.829 -37.427 -40.446 -12.397 9.082 7.778 -12.089 -6.948 0.867 -10.817 -41.763 -51.789 -69.228 -143.849 -160.100 -46.378 -53.481
-47.159 -26.165 -9.060 -30.390 -41.294 -31.195 -27.062 -41.075 24.178 22.543 -23.205 -17.243 -29.101 -1.877 -0.775 19.761 31.229 11.516 12.417 7.754 -10.407 -14.609 -24.203 -10.664 8.283 43.992 93.058 143.726 210.073 243.079 249.460 -3.611 -60.561 -57.715 -45.685 -22.180 2.793 16.874 34.499 53.464 84.554 73.839 50.986 40.675 64.473 53.667 125.882 101.599 69.389 34.666 -1.743 -27.660 -38.105 -38.256 -37.455 -28.710 -7.708 4.827 18.820 34.420 2.869 -6.757 -9.128 -15.273 -23.101 -16.798 -24.436 -5.483 -11.567 -23.876 -39.782 -62.168 -51.598 -74.550 -93.867 -107.445 -115.311 -75.253 94.799 96.869 65.122 22.749 33.827 -4.122 -27.373 -42.879 -52.601 -47.708 -13.635 29.758 35.162 -12.444 -41.795 -26.919 -72.842 -24.435 -71.502 -97.836 -89.705 -97.297 -119.056 -116.761 -116.900 -123.045 -86.195 -67.443 -42.332 4.237 7.702 7.742 17.924 13.039 -14.693 -37.775 -48.848 -59.043 -129.167 -133.510 -21.373 -27.785
-1.260 46.938 15.657 -9.305 -23.347 -17.313 -37.023 -30.194 33.164 28.905 -16.514 -10.321 -18.703 -58.713 -2.856 36.019 50.313 57.585 31.779 25.208 5.017 -1.928 -11.945 -1.676 10.165 48.409 87.029 151.194 196.118 219.059 122.124 -82.897 -36.148 -39.529 -26.788 -6.218 18.996 33.779 49.650 70.839 98.477 86.403 50.540 35.878 54.520 41.039 62.396 83.359 52.162 40.932 2.071 -40.516 -49.512 -48.166 -45.786 -36.120 -10.821 -3.225 23.329 24.692 17.902 -6.737 -9.122 -15.174 -22.931 -18.898 -26.564 -11.694 -18.131 -29.551 -43.822 -64.452 -86.663 -77.213 -94.598 -106.177 -111.932 -51.300 156.034 112.127 80.838 47.628 45.357 4.122 -18.630 -40.901 -54.339 -53.480 -22.581 19.511 23.051 9.098 -96.926 -67.492 -32.902 -80.743 -81.957 -100.993 -90.734 -105.809 -131.210 -143.222 -154.364 -149.336 -141.363 -83.317 -41.353 36.733 60.467 40.342 32.482 3.363 -11.556 -37.456 -41.902 -52.121 -115.093 -97.277 8.185 -1.811
104.911 73.197 38.505 10.187 -6.730 -4.456 -24.942 -20.160 41.577 34.744 -10.347 -3.772 -8.422 -40.547 -19.407 39.865 96.446 78.186 75.200 41.958 28.258 9.139 -2.009 5.137 15.985 60.339 102.413 149.566 187.209 128.388 26.904 -60.826 -62.318 -14.976 -8.516 13.204 34.958 50.557 64.873 62.894 107.123 89.193 54.392 29.036 41.780 25.207 42.714 61.402 57.662 21.838 -14.679 -53.760 -60.741 -57.525 -53.378 -44.281 -40.784 -10.133 11.887 16.582 22.480 -6.378 -11.155 -14.676 -21.974 -19.673 -27.108 -22.049 -22.139 -32.600 -45.358 -64.289 -85.194 -77.423 -93.110 -102.963 -73.755 54.371 107.802 150.120 94.094 57.727 54.675 11.490 -13.402 -33.325 -55.558 -58.614 -31.061 9.461 11.156 -53.228 -116.721 -84.334 -78.629 -54.563 -81.102 -101.216 -91.763 -97.628 -121.413 -131.038 -151.512 -141.712 -116.788 -67.176 25.651 62.191 95.841 64.260 40.445 5.118 -12.282 -38.573 -39.200 -45.907 -96.289 -71.647 30.988 23.218
130.310 96.321 58.645 27.428 8.050 0.216 -14.092 -11.190 49.141 39.875 -4.850 2.208 -39.069 -22.501 3.326 0.374 115.218 126.629 120.112 78.499 40.765 18.595 5.821 12.568 23.822 59.237 99.172 140.038 114.436 100.771 99.069 -42.007 -42.593 -33.685 16.819 31.436 54.626 66.663 79.670 76.416 115.213 96.528 51.109 24.747 27.012 7.078 20.418 64.712 33.747 -2.964 -31.926 -52.767 -71.247 -65.924 -60.253 -78.305 -53.424 -19.828 2.746 10.045 16.179 -4.470 -10.796 -14.059 -20.724 -28.446 -26.370 -23.303 -32.077 -33.447 -44.823 -62.086 -81.667 -75.529 -89.719 -71.354 8.656 103.926 116.112 110.981 101.876 68.570 61.932 21.793 -8.712 -31.094 -56.111 -48.018 -38.686 -0.004 -40.348 -69.023 -99.505 -100.057 -63.547 -7.242 -84.190 -106.833 -88.558 -97.830 -113.095 -110.370 -112.610 -105.047 -81.654 -12.930 34.475 103.932 124.925 74.371 23.786 2.570 -12.629 -34.810 -32.922 -38.620 -72.575 -47.991 51.948 100.023
151.282 115.469 75.410 41.912 20.611 -19.138 -4.680 -3.431 55.600 44.129 -0.123 -38.987 -26.290 -5.300 25.099 32.704 69.445 146.169 148.973 116.206 84.494 42.952 14.827 14.458 25.252 56.354 85.747 131.045 93.221 105.984 20.258 -25.260 -24.942 -15.685 32.863 59.017 73.090 81.552 93.518 89.070 101.712 83.447 49.997 14.663 14.480 -12.280 18.001 36.687 8.841 -24.259 -48.752 -65.604 -72.316 -72.984 -67.535 -108.853 -61.487 -27.101 -4.226 4.972 11.178 -1.567 -10.101 -13.369 -19.834 -26.234 -24.418 -23.048 -30.981 -39.576 -42.767 -58.292 -76.509 -67.059 -70.289 -23.405 69.541 106.535 121.091 106.263 84.672 39.920 66.874 26.622 -4.682 -28.807 -55.899 -51.314 -79.731 -1.660 -52.218 -82.663 -67.181 -113.195 -74.563 -34.314 -58.225 -109.029 -87.239 -92.242 -103.236 -104.585 -92.464 -72.178 -29.657 13.045 43.299 63.869 98.283 32.668 5.185 -6.619 -6.773 -35.577 -26.755 -34.468 -64.287 61.827 121.834 171.210
167.109 130.046 88.346 53.306 30.708 -8.552 3.172 3.034 60.736 47.367 3.773 -30.894 -14.611 10.414 45.066 62.557 101.078 125.965 130.212 141.245 99.125 49.780 24.454 21.729 28.015 59.062 84.343 71.958 93.216 107.616 30.270 -11.051 -9.866 -0.223 20.545 74.287 106.570 94.714 109.875 115.242 108.536 55.180 45.012 5.850 0.916 -8.092 -7.720 8.522 -21.109 -44.670 -64.265 -76.874 -79.710 -79.500 -101.630 -114.307 -66.852 -32.101 -9.236 1.206 7.329 -1.908 -6.889 -11.769 -18.264 -25.420 -26.345 -20.933 -27.915 -37.423 -44.536 -58.770 -67.669 -80.191 -39.555 39.411 68.476 98.056 114.541 110.702 106.430 47.625 57.339 17.717 -17.229 -44.008 -70.724 -80.233 -50.258 -9.856 -61.991 -93.701 -77.703 -52.085 -83.776 -77.077 -54.019 -107.852 -89.667 -87.526 -95.760 -94.255 -89.464 -62.798 -18.320 25.471 55.192 52.766 9.654 16.683 -1.227 1.671 -5.761 -33.331 -21.306 -28.121 -69.404 131.111 183.411 187.288
177.383 139.732 97.231 61.467 13.341 -0.043 -3.696 8.184 64.385 49.490 -10.496 -23.672 -4.368 24.123 62.504 88.866 128.975 152.781 153.229 132.311 99.256 65.047 20.426 11.343 -0.937 28.731 46.979 68.962 90.547 105.908 37.252 0.382 2.358 12.384 33.460 64.553 120.749 119.555 130.586 125.183 101.395 57.011 5.624 -4.727 5.077 -30.243 -19.017 -13.913 -36.782 -57.703 -74.509 -84.629 -85.323 -97.379 -105.486 -116.827 -69.652 -35.040 -12.536 -0.163 0.635 -1.986 -6.105 -11.813 -15.589 -23.315 -29.123 -16.504 -23.458 -31.751 -39.959 -50.208 -63.429 -75.365 8.721 30.006 66.226 95.927 113.588 111.602 108.181 70.054 58.800 20.689 -21.617 -40.655 -68.364 -64.763 -9.695 -16.609 -161.821 -159.328 -85.632 -59.434 -90.252 -82.778 -43.869 -103.336 -91.215 -85.147 -84.599 -77.959 -71.340 -58.372 -14.487 28.293 56.440 28.614 -33.456 -18.636 -10.092 -1.979 -0.088 -28.914 -17.001 -25.571 -44.938 175.275 227.138 197.534
182.024 144.496 102.083 66.437 20.371 6.443 1.804 77.346 66.450 40.487 -33.418 -17.425 4.218 35.452 76.857 110.790 152.178 174.956 172.030 146.247 108.169 69.893 6.387 -0.503 -0.261 26.068 43.284 64.413 85.619 101.289 41.340 9.010 11.670 22.031 43.361 74.861 110.206 150.588 152.079 145.852 118.382 69.215 12.978 -44.348 -13.171 -46.895 -45.474 -29.721 -50.582 -68.655 -82.531 -87.571 -114.231 -97.605 -71.204 0.000 -70.103 -36.183 -14.398 -2.526 0.211 -1.888 -5.234 0.000 -2.294 -15.017 -25.831 -23.688 -14.766 -21.493 -29.913 -40.051 -48.540 -44.412 7.105 27.492 62.256 91.521 109.658 109.191 106.502 75.292 39.475 22.347 -17.390 -37.038 -64.942 -53.397 -13.551 -21.852 -165.498 -163.758 -90.827 -64.540 -36.833 -50.835 -33.338 -94.851 -97.959 -79.795 -78.403 -63.946 -55.126 -26.614 -3.600 33.778 20.446 4.175 -37.796 -26.774 4.449 6.044 -3.167 -27.092 -15.860 -23.191 -34.393 181.380 213.217 201.844
181.273 144.586 103.139 51.838 24.999 11.050 5.830 96.407 54.604 40.638 -29.545 -12.192 11.039 44.185 87.760 127.756 169.995 191.774 185.988 156.228 114.182 72.844 6.649 -0.167 0.224 2.365 38.943 58.709 78.929 94.324 99.838 14.983 18.197 28.798 50.248 81.960 117.602 145.446 158.316 136.341 120.919 69.072 9.826 -50.673 -68.257 -128.918 -69.059 -42.703 -61.420 -76.588 -125.308 -123.826 -115.570 -83.475 -70.493 0.000 0.000 -35.821 -15.101 -3.929 -0.035 0.000 0.000 0.000 -1.877 -2.405 -2.686 -23.916 -2.725 -12.407 -21.104 -16.221 -33.299 -39.397 -38.548 24.610 57.189 85.243 103.203 103.899 101.815 73.780 52.624 22.788 -13.742 -33.282 -53.225 -52.061 -16.288 -25.587 -165.143 -164.194 -93.290 -67.402 -15.155 -29.620 -25.771 -85.809 -91.831 -78.462 -77.327 -64.707 -38.505 -10.699 17.135 17.113 32.533 23.063 -1.904 0.161 15.189 15.217 -6.147 -24.451 -12.121 -19.256 -33.813 181.673 213.706 187.741
163.797 140.486 100.820 53.071 27.493 13.986 8.547 71.675 53.940 27.046 -25.993 -7.952 16.094 50.261 95.051 139.480 182.036 202.813 194.734 162.000 117.171 0.000 0.000 0.067 0.539 2.738 34.242 52.267 71.019 85.651 91.395 18.594 22.213 32.917 54.282 85.904 121.519 151.325 166.457 131.072 121.276 67.967 7.148 -70.708 -92.096 -139.239 -102.294 -120.202 -129.190 -131.543 -129.910 -124.619 -113.225 -61.758 -68.197 0.000 0.000 0.000 0.000 0.000 0.000 0.000 0.000 0.000 0.000 -1.944 -2.186 -2.071 14.673 11.117 -0.193 -14.160 -28.722 -34.382 -33.925 25.269 51.372 77.573 94.786 110.822 99.340 69.929 50.100 29.566 -10.687 -29.498 -48.942 -23.518 10.524 -108.256 -125.525 -160.860 -93.159 -68.133 -18.047 -2.525 -18.302 -72.315 -87.661 -72.268 -69.795 -62.499 -42.025 -14.197 24.747 58.662 50.775 60.953 37.252 25.587 13.103 10.658 -18.397 -20.703 -9.146 -14.538 -23.449 176.721 208.172 183.345

# Top 10 maximum values:
# Index_r, Index_theta, r_value, theta_value, z_value
22, 106, 4.500000, 5.576327, 313.481189
23, 107, 4.700000, 5.628687, 316.042748
24, 106, 4.900000, 5.576327, 317.424961
24, 103, 4.900000, 5.419247, 326.550298
24, 105, 4.900000, 5.523967, 329.453620
24, 102, 4.900000, 5.366887, 338.915551
24, 104, 4.900000, 5.471607, 341.093332
22, 105, 4.500000, 5.523967, 354.222421
23, 106, 4.700000, 5.576327, 358.689443
23, 105, 4.700000, 5.523967, 366.056726

# Analysis of potential symmetric artifacts:
# Found 9 local maxima
# Local maxima (r, theta, z_value, angle_degrees):
2.1000, 2.2777, 294.501314, 130.50°
2.9000, 2.0159, 250.315455, 115.50°
4.7000, 5.5240, 366.056726, 316.50°
5.3000, 3.6914, 278.082789, 211.50°
7.9000, 1.5446, 237.182280, 88.50°
9.5000, 0.0262, 182.023519, 1.50°
9.5000, 6.2570, 201.843984, 358.50°
9.9000, 0.9163, 202.813419, 52.50°
9.9000, 2.0159, 166.456806, 115.50°

# Potential symmetric pairs (difference close to π):
# Pair 1 and 3: Angles 130.50° and 316.50°
# - Angular difference: 174.00° (π = 180°)
# - Radii: 2.10 and 4.70
# - Z values: 294.501314 and 366.056726

