# Z-Grid Data for Iteration 5
# Shape: (50, 120)
# Min value: -339.5965507119208
# Max value: 559.5882447000981
# Average value: -6.017125442560216

# Radial edges (r_edges):
0.000
0.200
0.400
0.600
0.800
1.000
1.200
1.400
1.600
1.800
2.000
2.200
2.400
2.600
2.800
3.000
3.200
3.400
3.600
3.800
4.000
4.200
4.400
4.600
4.800
5.000
5.200
5.400
5.600
5.800
6.000
6.200
6.400
6.600
6.800
7.000
7.200
7.400
7.600
7.800
8.000
8.200
8.400
8.600
8.800
9.000
9.200
9.400
9.600
9.800
10.000

# Angular edges (theta_edges):
0.000
0.052
0.105
0.157
0.209
0.262
0.314
0.367
0.419
0.471
0.524
0.576
0.628
0.681
0.733
0.785
0.838
0.890
0.942
0.995
1.047
1.100
1.152
1.204
1.257
1.309
1.361
1.414
1.466
1.518
1.571
1.623
1.676
1.728
1.780
1.833
1.885
1.937
1.990
2.042
2.094
2.147
2.199
2.251
2.304
2.356
2.409
2.461
2.513
2.566
2.618
2.670
2.723
2.775
2.827
2.880
2.932
2.985
3.037
3.089
3.142
3.194
3.246
3.299
3.351
3.403
3.456
3.508
3.560
3.613
3.665
3.718
3.770
3.822
3.875
3.927
3.979
4.032
4.084
4.136
4.189
4.241
4.294
4.346
4.398
4.451
4.503
4.555
4.608
4.660
4.712
4.765
4.817
4.869
4.922
4.974
5.027
5.079
5.131
5.184
5.236
5.288
5.341
5.393
5.445
5.498
5.550
5.603
5.655
5.707
5.760
5.812
5.864
5.917
5.969
6.021
6.074
6.126
6.178
6.231
6.283

# Z-Grid matrix (rows = radii, columns = angles):
-26.822 -26.955 -27.079 -27.191 -27.291 -27.380 -27.457 -27.521 -27.572 -27.610 -27.634 -27.645 -27.642 -27.625 -27.594 -27.549 -27.491 -27.419 -27.333 -27.234 -27.122 -26.998 -26.861 -26.712 -26.552 -26.381 -26.200 -26.009 -25.809 -25.601 -25.386 -25.163 -24.934 -24.700 -24.462 -24.220 -23.975 -23.728 -23.480 -23.231 -22.983 -22.737 -22.492 -22.250 -22.012 -21.778 -21.549 -21.325 -21.108 -20.898 -20.695 -20.500 -20.314 -20.137 -19.969 -19.810 -19.661 -19.523 -19.395 -19.278 -19.172 -19.077 -18.993 -18.919 -18.858 -18.807 -18.767 -18.739 -18.721 -18.715 -18.719 -18.734 -18.760 -18.796 -18.842 -18.898 -18.964 -19.040 -19.125 -19.219 -19.323 -19.434 -19.555 -19.684 -19.820 -19.964 -20.116 -20.275 -20.441 -20.613 -20.791 -20.975 -21.165 -21.360 -21.560 -21.764 -21.971 -22.183 -22.398 -22.615 -22.834 -23.055 -23.277 -23.500 -23.723 -23.946 -24.167 -24.387 -24.604 -24.819 -25.031 -25.238 -25.441 -25.638 -25.830 -26.015 -26.193 -26.363 -26.525 -26.678
-33.282 -33.784 -34.259 -34.702 -35.111 -35.485 -35.821 -36.117 -36.370 -36.579 -36.743 -36.859 -36.926 -36.944 -36.911 -36.827 -36.691 -36.503 -36.264 -35.974 -35.633 -35.243 -34.806 -34.321 -33.793 -33.222 -32.611 -31.962 -31.280 -30.565 -29.823 -29.056 -28.267 -27.460 -26.640 -25.809 -24.972 -24.133 -28.175 -27.333 -26.499 -25.678 -24.873 -24.086 -23.321 -22.580 -21.867 -21.183 -20.531 -14.573 -13.987 -13.439 -12.929 -12.459 -12.029 -11.639 -11.288 -10.978 -10.706 -10.473 -4.193 -4.043 -3.928 -3.846 -3.797 -3.778 -3.788 -3.826 -3.889 -3.977 -4.088 -4.220 -4.372 -4.543 -4.732 -4.937 -5.159 -5.395 -5.647 -5.912 -6.192 -6.485 -6.791 -7.111 -7.445 -7.793 -8.154 -8.530 -8.921 -9.326 -9.746 -10.182 -10.633 -11.100 -11.583 -18.282 -18.792 -19.318 -19.860 -20.416 -20.987 -21.571 -22.169 -22.778 -23.397 -24.026 -24.662 -25.304 -25.951 -26.600 -27.250 -27.898 -28.543 -29.181 -29.812 -30.431 -31.038 -31.629 -32.202 -32.753
-38.042 -39.016 -39.952 -40.842 -41.681 -42.465 -43.188 -63.302 -63.936 -64.484 -64.940 -65.300 -65.561 -65.720 -65.774 -65.721 -65.559 -65.289 -64.910 -75.015 -74.372 -73.622 -81.140 -80.142 -79.047 -77.861 -76.592 -75.245 -73.828 -72.348 -71.071 -69.509 -56.559 -54.962 -53.345 -51.716 -50.082 -48.453 -46.837 -45.241 -43.674 -33.356 -21.090 -19.699 -18.360 -17.081 -10.324 -9.167 -8.085 -7.083 -6.162 -5.326 -4.575 -3.910 -3.329 -2.833 -2.418 -2.083 -1.824 -1.638 -1.521 -1.467 -1.473 -1.533 -1.642 -1.795 -1.987 -2.212 3.423 3.132 2.821 2.495 2.157 1.810 1.457 1.100 0.740 0.378 -18.545 -18.822 -19.108 -19.404 -19.713 -20.036 -20.378 -20.740 -21.125 -21.538 -21.981 -22.457 -22.969 -23.520 -24.114 -24.751 -25.435 -26.167 -26.948 -27.780 -28.661 -32.936 -33.902 -34.917 -35.978 -37.084 -38.234 -39.423 -40.649 -41.908 -43.197 -44.512 -45.847 -28.332 -29.436 -30.545 -31.653 -32.757 -33.852 -34.932 -35.994 -37.033
-40.640 -42.140 -63.515 -65.080 -25.691 -26.679 -27.606 -28.466 -29.249 -29.950 -30.560 -31.073 -31.482 -32.857 -45.773 -56.358 -56.153 -55.801 -54.044 -85.178 -84.294 -83.249 -85.986 -84.585 -83.038 -81.355 -83.736 -81.864 -79.778 -77.598 -75.338 -73.010 -70.627 -68.204 -65.754 -63.290 -60.826 -47.148 -44.756 -42.404 -40.103 -37.867 -35.707 -33.634 -29.108 -27.200 -25.410 -23.746 -0.011 1.352 2.572 3.646 4.572 5.351 5.984 6.477 6.832 7.057 7.160 7.148 7.031 6.819 6.523 6.155 5.724 5.244 4.725 4.177 3.611 3.036 2.461 7.588 7.018 6.470 -11.889 -12.214 -12.514 -12.786 -13.034 -13.260 -13.467 -27.547 -27.663 -27.786 -27.924 -28.085 -28.277 -28.510 -28.793 -29.133 -29.540 -30.021 -30.583 -31.233 -31.975 -32.815 -33.757 -34.802 -35.952 -37.208 -38.569 -41.500 -43.029 -44.654 -46.371 -48.174 -36.052 -37.761 -39.529 -41.349 -43.216 -45.122 -47.060 -49.023 -31.230 -32.812 -34.397 -35.979 -37.551 -39.107
-21.081 -22.643 -24.186 -25.701 -27.177 -28.607 -31.189 -32.465 -34.550 -35.625 -36.593 -64.732 -65.402 -74.423 -74.655 -74.676 -74.486 -74.083 -73.469 -72.649 -71.626 -70.409 -69.006 -67.426 -65.680 -94.402 -91.386 -88.881 -86.243 -74.463 -71.674 -68.800 -69.108 -69.566 -66.326 -63.068 -59.811 -56.574 -53.375 -50.233 -36.075 -33.123 -30.281 -24.876 -22.247 -19.780 -17.486 -15.378 -13.465 -11.753 11.646 12.927 13.984 14.817 15.432 15.834 16.032 16.038 15.865 15.528 15.045 14.433 13.712 12.901 12.019 11.087 10.124 9.149 8.179 7.229 6.315 8.785 12.706 -2.088 -2.591 -3.017 13.180 12.892 -1.288 -1.250 -1.136 -0.958 -0.726 -0.455 -0.161 0.140 -20.812 -20.678 -20.606 -20.613 -20.712 -20.920 -21.247 -21.706 -22.305 -23.053 -23.955 -25.015 -26.235 -27.615 -29.153 -30.848 -34.294 -36.238 -38.318 -40.527 -42.857 -45.300 -47.846 -50.486 -38.502 -40.903 -43.360 -45.862 -48.403 -50.972 -32.574 -34.602 3.785 2.546
-18.582 -20.490 -22.407 -25.749 -2.411 -6.839 -8.231 -28.076 -29.527 -30.885 -44.087 -55.453 -56.308 -56.947 -57.362 -57.544 -57.491 -57.201 -56.675 -55.918 -54.937 -53.740 -74.530 -72.649 -70.563 -32.894 -34.594 -32.807 -53.552 -51.171 -48.653 -46.010 -43.255 -40.404 -27.911 -25.273 -22.440 -19.297 -16.148 -13.017 -9.927 4.885 -3.026 -18.747 -15.507 -12.478 -9.679 -7.127 -4.836 -2.818 -1.082 21.979 23.149 4.710 5.521 6.031 6.252 6.200 5.895 5.358 4.616 3.694 2.623 -25.323 -35.918 -36.601 -35.070 -35.849 -29.856 -30.660 -31.446 -32.201 -39.217 -39.726 -40.161 -40.514 -45.560 -45.614 -39.185 -31.447 -31.168 -30.804 -39.904 -29.331 -16.265 -15.460 -14.656 -13.884 -13.173 -12.555 -12.055 -36.498 -36.607 -36.922 -37.458 -38.229 -39.246 -40.516 -42.042 -43.828 -45.871 -48.167 -50.711 -52.550 -55.466 -58.594 -61.926 -65.447 -39.975 -43.083 -46.299 -49.613 -37.736 -40.665 -43.653 -10.670 -12.783 8.868 7.515 -16.693
11.597 10.216 4.918 0.049 -1.631 -22.554 -24.558 -26.524 -28.426 -43.201 -44.895 -30.910 -32.068 -33.032 -33.783 -34.308 -34.598 -34.648 -34.456 -34.025 -33.359 -2.371 -2.077 -1.626 -1.020 -15.000 -37.240 -35.392 -33.377 -53.996 -51.277 -48.391 -45.350 -42.167 -38.857 -35.438 -22.668 -19.453 -15.731 -11.997 -8.286 12.064 15.660 19.116 22.397 25.470 14.307 0.471 3.151 -8.739 -6.483 -4.595 13.059 14.262 32.238 32.555 32.473 32.017 31.213 30.095 -4.071 -34.817 -35.265 -29.333 -12.232 -13.394 -14.629 -15.910 -17.215 -18.519 -26.622 -27.759 -27.858 -28.620 -29.271 -35.433 -35.651 -35.724 -52.418 -56.460 -56.081 -55.558 -54.910 -48.684 -41.105 -40.044 -21.125 -7.677 -6.202 -4.856 -3.681 -2.712 -1.982 -1.517 -24.833 -25.337 -26.165 -27.324 -28.817 -30.640 -32.790 -35.257 -38.031 -41.099 -43.782 -47.273 -51.006 -54.967 -59.142 -63.514 -68.071 -72.798 -77.678 -33.788 -2.981 -5.183 -7.434 14.506 -9.714 -11.734
18.403 12.956 7.828 -13.399 -15.734 -18.121 -20.535 -22.944 4.142 -12.904 -28.045 -29.829 -31.409 -32.755 -33.844 -34.657 -35.184 -35.419 -35.364 22.436 21.557 20.805 20.190 19.723 19.413 19.267 18.305 7.565 8.243 9.142 -22.154 -20.166 -17.927 -15.443 -12.730 -28.848 -25.279 -12.683 -7.978 -12.281 -4.334 0.018 16.986 21.115 25.055 28.758 32.179 21.068 11.422 -0.707 14.528 16.647 27.674 61.628 62.274 62.371 61.943 61.017 19.314 -17.321 -17.619 -18.142 -1.520 -2.745 -4.112 -5.588 -7.145 -8.753 -10.385 -17.315 -18.946 -20.519 -28.357 -30.140 -55.278 -41.941 -42.404 -42.629 -42.612 -47.413 -46.838 -46.048 -45.067 -43.924 -46.763 -45.343 -31.833 -30.100 -10.801 3.084 5.053 6.733 8.082 9.066 9.659 -11.894 -12.533 -13.586 -15.052 -34.873 -37.167 -39.886 -62.215 -65.977 -66.241 -70.789 -75.782 -81.213 -48.120 -52.849 -57.779 -62.900 -68.200 -37.546 -25.197 -28.639 -0.718 21.541 20.675 19.609
22.149 20.827 -4.236 -6.684 -9.283 -12.005 14.688 12.460 10.114 -8.504 -25.131 -27.393 -29.413 -31.151 -32.575 -33.663 -1.468 -2.516 26.455 24.976 23.606 22.356 21.235 25.812 24.770 23.889 17.120 16.918 16.944 6.443 7.212 -8.012 -21.675 -19.303 -13.895 -11.023 -7.858 -4.434 -8.532 0.684 5.161 9.684 19.145 23.776 26.106 16.195 20.697 37.844 41.557 48.217 36.987 39.373 53.187 69.330 70.022 70.053 69.446 2.315 -7.302 -7.394 -14.565 -15.222 -3.527 -5.050 -6.732 -8.538 -17.469 -19.510 -21.576 -32.339 -34.419 -36.416 -76.843 -81.955 -83.131 -83.942 -79.214 -79.177 -65.581 -64.888 -63.819 -51.902 -41.749 -40.096 -43.080 -15.263 -13.558 -3.198 -0.967 20.631 35.932 38.397 40.457 42.067 21.059 4.194 -33.424 -34.034 -49.663 -51.193 -53.289 -68.077 -71.374 -75.334 -79.974 -79.825 -85.681 -92.215 -99.424 -93.936 -101.829 -110.261 -88.923 -29.226 -17.359 -20.783 -24.337 23.658 28.186 27.422
30.565 25.412 -9.177 -12.311 -15.667 9.124 6.263 -19.406 -9.042 -26.712 -42.588 -45.548 -48.132 -50.285 -30.309 3.283 1.707 32.255 30.233 28.289 26.429 30.735 28.824 27.007 25.305 23.741 16.111 15.263 14.660 3.412 4.830 -10.187 -8.993 -21.380 -19.010 -16.189 -12.941 -9.304 3.152 15.278 1.604 6.736 22.936 28.051 26.456 31.856 50.934 55.168 59.511 63.309 55.905 45.628 59.494 75.549 76.373 75.691 10.216 -12.349 -12.060 -12.136 -21.735 -7.390 -8.922 -10.675 -12.609 -14.689 -16.883 -19.164 -21.506 -23.882 -54.265 -56.961 -70.031 -75.801 -77.344 -78.492 -79.201 -74.124 -73.799 -72.963 -71.611 -36.200 -34.736 -32.840 -30.558 -27.955 -17.725 -15.389 9.017 15.388 30.004 45.789 48.576 33.473 17.626 4.304 5.692 -21.101 -56.067 -56.854 -58.302 -60.465 -63.394 -76.863 -81.476 -87.025 -87.385 -94.711 -103.002 -101.760 -111.459 -106.726 -89.847 -83.404 -87.204 -48.323 9.406 31.259 7.548 5.547
-4.443 -24.685 -0.859 -23.883 -1.197 -4.884 -8.843 -12.990 -38.457 -54.110 -68.242 -72.070 -65.540 -32.649 -13.987 -15.960 0.728 14.862 34.491 38.799 36.266 33.738 31.220 28.729 26.289 23.934 15.312 13.657 12.947 11.818 0.793 -15.187 -14.571 -13.386 -25.395 -22.746 -19.502 -15.708 -8.385 8.950 14.110 2.143 32.695 38.445 43.439 49.374 50.657 56.047 60.926 65.269 69.044 50.401 62.419 78.639 79.829 80.063 -23.374 -22.468 -22.023 -21.974 -22.254 2.232 0.919 -0.628 -2.376 -4.299 -6.380 -8.609 -38.386 -41.488 -44.579 -47.631 -61.345 -68.022 -70.089 -71.761 -72.965 -73.631 -68.145 -33.313 -33.164 -32.405 -31.028 -29.053 -26.529 -23.533 -20.164 -16.537 -12.784 3.369 18.104 42.095 39.719 10.669 14.014 4.223 -6.459 -18.321 -17.171 -26.963 -46.913 -48.237 -50.435 -53.583 -57.749 -62.986 -63.958 -71.277 -79.698 -89.211 -99.791 -111.403 -100.353 -100.050 -94.446 -59.176 -67.956 38.718 1.795 -0.767
62.227 -17.674 -22.254 29.397 5.272 1.229 -3.213 7.051 -17.069 -33.723 -48.934 -53.012 -56.462 -26.902 -43.671 -34.060 0.603 -1.530 24.539 22.054 40.160 37.169 34.078 30.903 27.676 38.203 26.832 23.933 21.128 18.654 6.081 -11.915 -12.385 -12.118 -11.089 -23.277 -20.368 -13.120 -8.765 8.236 30.713 51.005 57.452 44.323 39.838 46.566 52.962 55.058 60.668 65.642 70.372 62.469 63.664 77.579 79.372 -5.899 -14.357 -12.989 -12.089 -11.583 12.752 12.173 11.328 10.255 8.972 7.488 5.792 -23.171 -26.149 -29.276 -32.550 -35.953 -50.530 -58.420 -61.203 -63.635 -65.596 -66.969 -27.158 -28.451 -29.035 -28.833 -27.810 -25.973 -23.371 -20.095 -16.265 -12.033 -7.567 7.511 6.225 2.423 -2.406 -3.178 -12.731 3.965 7.929 -12.678 -10.103 -8.188 -7.053 -25.749 -27.105 -29.537 -33.134 -37.765 -44.007 -46.538 -55.230 -65.166 -54.462 -65.578 -57.562 -69.379 -81.794 -55.226 -44.636 -18.463 64.142 66.612
43.974 23.010 2.069 -8.156 -13.583 9.273 4.287 -1.063 -6.607 -26.564 -44.741 -49.542 -35.176 -38.578 -41.256 -43.197 4.585 -9.688 -1.782 9.952 29.216 26.121 53.381 48.965 44.340 39.582 34.537 22.916 18.985 15.402 1.493 -18.018 -19.387 -19.841 -19.337 -32.142 -29.349 -22.085 -17.443 13.244 39.342 62.307 68.148 38.723 46.226 53.558 60.567 64.641 71.868 65.117 70.451 62.231 58.272 81.245 83.577 -8.463 -5.978 -4.027 -2.527 -1.392 22.263 22.380 22.268 21.956 21.446 -4.562 -6.676 -9.024 -11.667 -14.654 -18.017 -26.039 -18.947 -29.488 -33.193 -36.704 -57.136 -26.401 -20.663 -23.258 -24.982 -25.704 -25.348 -23.902 -21.414 -12.160 -7.816 -2.839 2.539 -8.030 20.391 29.227 -2.167 -22.306 -14.285 -14.544 0.385 4.603 8.814 12.310 17.707 19.307 -1.710 -3.359 -6.446 -10.834 -16.847 1.627 -6.906 -16.542 -27.139 -38.550 -34.104 -46.199 -55.981 -53.414 -67.556 -34.033 -3.013 46.895
16.349 -1.431 31.865 29.846 26.967 -13.595 10.042 4.096 -2.085 -8.258 -42.315 -47.590 -13.753 -17.387 -20.273 -6.695 8.580 29.532 27.132 13.917 11.309 29.894 26.087 44.380 39.144 33.716 28.075 15.246 16.589 11.800 7.536 -24.841 -27.184 -28.412 -28.465 -27.323 -35.882 -20.215 -2.581 10.639 -1.347 16.591 17.881 2.028 10.667 18.964 24.063 36.707 35.904 57.072 84.345 77.549 107.459 83.894 86.840 -1.444 1.697 4.335 6.562 8.477 31.714 32.751 33.630 10.294 -20.571 -22.716 -25.145 -27.930 -9.152 -12.422 -16.267 -26.415 -31.669 -43.261 -52.810 -57.362 -24.741 -29.873 -25.938 -24.163 -45.081 -16.939 -17.771 -17.090 -14.937 -11.437 -6.784 -1.230 4.936 -4.775 1.379 8.860 -19.258 -8.919 -18.128 -10.681 -1.532 17.758 13.937 36.165 40.737 44.024 36.769 16.837 14.701 16.602 26.941 18.744 18.422 7.445 -4.589 -18.388 -16.489 -28.604 -39.055 -39.148 -48.843 -75.292 -52.106 -29.904
32.433 16.440 36.023 34.159 31.225 27.299 -16.515 7.799 0.936 -5.886 -27.609 -8.185 3.630 21.821 19.099 17.039 49.668 54.259 52.486 28.235 14.933 11.801 29.248 47.148 41.078 34.562 27.726 13.415 7.150 1.262 -4.024 -41.178 -35.676 -37.677 -38.266 -37.416 -34.054 -30.312 -34.782 -21.922 -13.739 4.266 12.973 -1.821 3.748 13.412 20.719 27.488 30.048 37.255 43.490 44.867 106.708 112.942 116.387 8.181 8.634 -14.187 -11.447 -9.056 19.080 20.578 21.890 -5.984 -6.823 -7.948 10.953 9.491 7.344 4.368 0.461 -9.869 -9.463 -23.207 -35.122 2.644 -4.899 -12.215 -9.653 -15.649 -22.570 -25.807 -47.549 -46.959 -44.559 -40.499 -35.001 -1.845 5.134 -3.652 -15.804 -31.166 -13.363 -18.677 -5.666 7.389 15.870 -1.815 -1.707 21.223 39.837 60.834 64.555 69.641 30.112 26.122 20.469 12.601 2.656 2.152 -11.046 -13.682 3.225 -20.512 -33.344 -36.427 -47.504 -61.745 -62.338 -32.211
50.285 37.034 63.583 64.678 64.575 63.287 60.923 -22.810 2.260 13.251 13.923 29.036 24.919 21.608 19.176 17.600 51.516 56.786 70.729 67.653 63.826 14.827 10.709 26.506 42.562 24.190 16.693 8.948 -4.865 -11.692 -17.872 -49.988 -54.006 -56.387 -57.034 -14.606 -54.977 -53.955 -46.981 -29.186 -10.409 -0.818 7.128 -9.933 -1.367 6.942 17.342 26.778 29.941 37.541 44.114 47.884 34.551 69.126 74.240 -14.842 -10.124 -5.902 -2.092 0.320 28.367 31.051 6.471 7.121 7.564 26.827 27.109 26.698 25.347 22.822 19.838 14.360 19.547 1.754 -14.156 15.257 5.249 -4.649 -3.738 -12.315 -19.345 -24.471 -27.475 -45.952 -49.229 -45.505 -39.949 -32.887 -32.991 -24.233 -35.432 -48.698 3.539 -3.914 35.457 50.669 65.898 41.949 44.242 28.823 41.221 36.537 40.152 43.824 31.869 29.802 25.044 20.040 10.039 0.751 -20.833 -28.758 -24.558 -30.210 -30.331 -19.911 -34.850 -53.844 -48.116 6.605
60.318 47.996 51.900 63.258 63.373 62.123 59.630 38.891 55.154 36.561 11.980 26.766 22.519 19.336 17.290 16.327 59.142 57.759 56.100 70.091 66.628 62.009 36.516 37.311 32.074 24.100 15.425 6.396 -8.908 -17.023 -24.397 -65.543 -70.184 -67.288 -38.448 -60.808 -77.478 -70.633 -54.605 -35.673 -15.433 -7.308 4.088 0.103 -6.086 5.980 17.000 26.857 30.366 24.351 31.733 40.082 31.312 36.492 76.496 -9.314 -3.763 1.357 6.128 10.665 41.961 16.031 18.162 20.209 39.850 42.069 43.761 44.603 44.239 54.281 51.939 46.400 38.697 29.012 -1.690 28.521 15.692 2.835 1.851 -9.692 -19.378 -26.753 -31.542 -33.648 -46.762 -52.805 -40.199 -33.199 -39.259 -42.790 -53.517 -22.700 -21.602 -4.275 14.077 60.618 63.054 56.999 75.343 86.981 34.595 30.553 28.128 55.352 55.841 62.249 57.315 40.197 28.778 14.794 1.126 -16.739 -22.789 -38.712 -40.730 -31.859 -8.329 -26.758 -44.266 -29.106
10.689 56.459 60.614 51.391 60.172 75.423 74.230 88.518 51.366 45.816 26.607 40.435 18.208 15.154 13.530 13.247 57.579 57.092 56.274 71.073 55.618 51.818 46.505 31.360 30.946 43.117 13.371 3.105 -7.169 -22.932 -45.544 -75.237 -66.451 -54.456 -77.840 -75.436 -87.095 -79.272 -69.864 -56.056 -30.803 -11.478 0.076 -0.577 -6.254 6.522 2.734 13.743 16.342 24.926 32.355 40.973 32.655 38.226 41.672 15.009 1.969 7.944 13.635 19.163 -9.873 28.151 31.852 53.876 53.226 57.024 60.264 71.479 75.493 60.095 56.458 50.263 41.478 30.333 7.565 28.424 13.285 -1.905 6.743 -8.060 -20.659 -30.500 -37.262 -40.835 -41.289 -46.959 -42.850 -35.164 -42.843 -26.733 -54.052 -21.165 -26.066 -6.101 15.453 22.559 46.185 37.312 61.565 45.386 29.744 47.740 62.610 88.285 58.429 77.173 78.286 68.967 56.031 40.099 23.268 12.108 -8.671 -21.311 -48.245 -37.847 -26.464 -35.173 -31.968 -27.552
6.901 53.790 55.239 70.176 76.354 90.604 84.348 82.839 46.054 39.949 34.200 34.758 12.375 9.386 8.142 8.527 54.317 54.786 54.881 57.520 55.723 52.203 46.833 31.277 43.245 41.783 29.990 17.701 -12.469 -29.444 -77.031 -69.966 -59.365 -66.482 -92.196 -88.821 -96.023 -86.946 -74.994 -48.378 -40.049 -23.568 -7.435 -15.796 -23.101 -8.480 4.375 15.448 17.848 26.215 39.787 42.063 33.909 39.751 39.494 26.873 7.039 13.793 20.323 -5.444 -0.899 37.536 42.612 65.350 80.590 87.387 85.303 76.427 81.023 78.863 75.473 68.853 58.924 45.945 85.639 40.116 21.814 3.344 -3.097 -19.973 -23.273 -35.695 -16.225 -23.213 -23.902 -15.365 -20.625 -46.990 -28.784 -37.295 -64.621 -30.109 -33.632 -10.891 -1.724 24.726 53.095 46.747 11.575 -0.463 34.579 76.856 74.632 107.343 97.521 90.487 94.683 92.195 92.130 72.370 50.108 29.093 5.167 -8.718 -22.293 -34.407 -45.988 -33.577 -32.000 -28.495
9.315 57.041 58.881 63.404 69.873 96.898 98.751 98.722 73.259 33.204 26.929 60.260 5.549 2.488 1.503 2.455 33.572 50.924 40.085 55.517 54.351 51.151 45.765 29.864 41.216 51.602 26.417 13.206 0.055 -20.103 -51.809 -61.243 -68.490 -96.758 -101.113 -96.999 -112.766 -103.450 -85.234 -58.886 -66.682 -46.303 -26.663 -23.721 -32.888 -5.174 7.762 18.582 20.390 28.228 49.103 28.717 35.058 41.041 51.042 35.193 24.819 32.156 15.546 21.777 28.317 61.636 76.339 84.452 92.961 101.568 90.844 100.785 97.461 96.404 93.329 86.319 75.239 60.378 102.760 50.777 29.240 7.435 -1.217 -21.318 -6.328 -11.201 -24.884 -22.900 -27.739 -27.938 -34.098 -9.318 -14.817 -12.476 -77.963 -42.308 -44.416 -34.238 -6.503 24.327 57.894 1.874 -19.390 12.024 36.168 61.219 110.213 122.746 151.912 129.772 119.467 117.323 115.326 98.244 71.127 44.052 18.765 10.971 -15.561 -33.104 -53.400 -45.976 -37.239 -31.967
30.435 46.928 63.302 55.457 62.399 76.596 91.127 91.347 89.804 50.356 19.459 52.122 28.075 -4.998 -5.928 -4.596 18.024 45.660 35.949 52.030 51.491 48.629 43.267 27.108 18.179 47.510 21.632 7.653 -6.184 25.593 -39.174 -49.947 -70.286 -110.867 -109.238 -135.281 -125.648 -152.977 -125.470 -88.946 -66.211 -43.575 -22.080 -32.958 -28.554 -11.786 2.266 23.128 23.940 37.686 51.455 29.985 45.143 49.907 51.443 45.152 25.215 11.800 18.602 25.654 36.925 74.901 97.208 93.231 103.183 95.528 105.826 114.652 119.167 120.891 109.242 101.881 89.673 72.943 118.156 74.829 35.168 10.128 39.805 12.826 -10.956 -20.984 -24.657 -34.562 -41.072 -42.383 -49.637 -24.628 -30.838 -15.855 -49.525 -57.629 -58.364 -45.643 -14.353 21.005 23.486 -56.549 -38.317 18.184 50.266 80.476 138.160 154.669 161.451 152.485 122.903 133.391 123.127 105.318 92.282 59.332 42.547 8.283 -12.559 -31.697 -53.929 -63.948 -50.509 -41.417
24.349 53.961 43.788 46.745 51.307 68.920 83.492 84.146 82.731 43.708 37.312 70.773 19.966 -42.905 -13.656 -12.207 -8.625 27.538 30.612 32.639 47.217 44.703 39.412 31.439 13.805 42.126 15.815 1.256 33.085 -5.250 -46.950 -57.826 -79.746 -118.645 -126.548 -177.314 -174.105 -150.551 -112.666 -88.216 -62.882 -37.930 -14.577 -25.702 -21.948 -5.181 8.361 18.973 17.874 31.838 41.448 41.183 45.246 49.603 51.128 56.106 11.074 12.964 23.330 31.533 40.205 49.564 101.523 113.923 94.390 104.380 116.808 125.834 131.876 134.610 132.581 114.815 101.535 83.011 131.070 102.616 39.270 73.293 40.682 24.158 -4.953 -29.266 -33.353 -47.501 -55.725 -58.266 -39.221 -41.840 -47.020 -34.037 -67.815 -33.339 -75.234 -60.029 -25.342 -10.399 -34.976 -75.452 -26.730 26.480 64.444 100.400 162.815 193.362 183.195 185.879 178.967 134.497 110.248 118.143 91.594 63.289 49.701 13.612 -11.771 -42.585 -57.332 -73.831 -64.482 -52.443
44.593 54.886 47.821 51.847 68.039 61.406 76.332 77.659 76.530 38.044 31.129 24.792 59.155 -11.039 -51.566 -19.956 -16.256 20.617 24.285 41.087 41.690 39.536 34.380 26.324 8.572 35.710 21.834 40.903 26.230 -31.395 -45.022 -55.682 -133.780 -147.917 -151.657 -194.500 -179.056 -157.178 -111.958 -84.765 -56.794 -29.513 -4.330 -15.942 -13.252 3.255 15.992 25.391 29.844 43.995 42.867 22.682 37.063 41.235 42.428 31.964 26.738 15.384 23.659 32.349 41.579 51.574 103.432 116.731 114.651 111.658 123.563 133.724 141.243 144.898 143.294 135.417 120.872 90.067 65.135 109.864 41.316 95.645 40.584 7.086 -22.596 -47.425 -62.696 -68.192 -77.311 -80.883 -56.647 -60.438 -65.651 -24.854 -79.734 -53.151 -50.548 -108.524 -71.029 -21.841 -88.889 -75.533 -26.332 33.814 78.061 117.740 198.810 183.664 174.284 177.561 171.450 131.435 104.294 70.934 50.142 43.307 47.487 15.268 -13.780 -49.808 -68.176 -81.320 -75.074 -38.784
27.463 43.338 39.176 53.896 58.649 71.417 69.941 72.220 71.581 33.790 26.366 19.192 52.097 25.899 -38.441 -37.465 -3.960 -1.804 17.224 34.045 35.147 33.380 28.448 20.453 2.837 28.640 59.715 33.543 -5.374 -66.610 -70.309 -95.010 -146.941 -169.623 -164.460 -185.770 -173.354 -142.575 -115.559 -78.734 -48.164 -18.592 -12.911 -23.606 -18.727 -2.292 10.014 32.802 35.729 58.164 41.189 42.105 43.867 55.027 49.419 53.947 40.306 11.424 19.364 31.312 40.954 51.430 102.827 101.879 115.900 129.656 127.165 138.408 146.919 151.342 150.091 141.996 126.591 104.294 76.429 139.883 163.003 77.084 38.539 2.406 -29.678 -56.678 -73.604 -81.325 -92.085 -97.067 -80.488 -86.188 -58.625 -46.509 -101.995 -100.435 -113.163 -77.919 -89.699 -85.651 -119.511 -75.092 -27.485 39.632 88.462 117.480 182.545 234.927 196.777 201.400 180.103 131.701 104.826 68.336 37.892 65.306 27.620 -3.380 -37.847 -51.230 -62.322 -76.725 -94.215 -48.753
12.010 26.397 38.038 45.447 49.269 63.577 83.699 67.939 68.026 31.146 23.267 15.163 46.190 40.983 -27.002 -44.486 -51.746 -8.467 25.945 26.323 27.890 26.554 21.965 14.209 -2.984 65.482 34.021 5.758 -36.523 -73.333 -84.126 -100.258 -173.709 -172.847 -199.031 -186.348 -158.674 -119.214 -90.327 -70.374 -59.646 -27.755 0.998 -10.754 9.283 8.175 19.225 26.329 23.679 57.484 41.999 50.790 50.334 30.858 34.978 40.395 44.512 29.482 16.521 25.107 38.286 49.136 76.771 99.741 114.284 128.674 127.922 139.536 148.763 153.752 152.745 144.435 128.297 131.274 100.827 163.109 157.460 75.555 34.904 -3.207 -43.602 -65.881 -84.203 -101.491 -106.417 -95.512 -97.407 -104.677 -90.084 -41.028 -151.535 -125.142 -136.369 -99.837 -102.389 -104.485 -139.823 -83.174 -30.492 38.740 71.325 115.594 199.177 255.681 225.881 216.906 207.835 184.418 147.403 103.704 56.496 31.139 17.416 -22.768 -60.760 -58.324 -88.626 -94.140 -103.188 -67.550
-29.819 12.954 17.603 12.754 29.753 44.089 62.565 85.756 65.775 30.074 21.841 12.769 41.531 34.760 -32.536 -50.612 -58.041 -40.173 17.678 34.845 36.182 19.422 15.321 -3.646 14.900 24.061 10.599 -16.762 -82.139 -75.351 -98.545 -109.977 -174.770 -173.089 -197.809 -188.484 -167.874 -140.452 -81.890 -63.622 -27.831 -13.511 -21.946 3.605 23.400 19.619 29.183 29.507 75.128 56.702 53.670 49.522 29.618 25.157 28.576 33.639 39.831 41.055 20.085 20.578 30.080 44.771 71.885 95.192 109.976 124.725 142.178 137.233 146.864 152.181 151.282 169.247 153.306 128.757 97.203 201.601 195.278 119.425 29.292 -17.678 -50.693 -78.873 -96.811 -114.579 -119.828 -110.251 -125.636 -136.793 -110.609 -30.893 -60.693 -149.760 -159.759 -122.705 -94.280 -88.470 -121.523 -69.160 -10.113 29.538 73.333 122.368 242.452 269.430 254.078 245.205 235.544 243.913 162.467 103.898 66.850 44.452 -16.869 -53.524 -78.342 -74.354 -109.304 -102.352 -127.923 -85.082
-51.420 -20.521 -7.854 2.646 24.339 24.000 57.942 66.058 69.486 30.331 21.885 11.871 1.976 29.511 -18.566 -40.056 -63.425 -57.912 -46.859 7.259 9.787 9.479 11.511 22.658 29.097 17.922 5.154 -47.411 -85.943 -108.132 -101.013 -111.674 -170.611 -170.237 -210.845 -201.004 -159.782 -131.040 -117.325 -76.717 -40.017 23.493 13.436 19.025 38.378 45.020 52.278 78.672 82.989 44.016 38.034 26.717 24.406 18.257 20.758 25.282 31.319 30.758 11.221 22.210 5.100 15.611 65.051 88.505 103.286 120.192 135.622 131.817 141.530 169.475 170.836 163.763 147.460 122.370 90.225 197.576 164.778 115.297 23.855 -15.864 -51.592 -77.373 -105.067 -138.515 -147.646 -136.670 -140.203 -146.285 -119.837 -93.561 -94.032 -173.271 -155.980 -119.872 -85.202 -79.927 -114.335 -59.623 0.900 36.630 72.799 133.890 247.854 295.810 265.951 291.247 286.056 248.475 156.471 96.395 45.926 37.658 -31.028 -91.116 -90.517 -133.481 -137.619 -131.007 -149.801 -103.025
-67.305 -35.990 -18.697 -10.041 14.935 17.384 37.425 46.681 50.023 -12.600 -6.715 -19.074 -31.476 -2.852 -55.974 -76.744 -96.632 -90.906 -70.147 -19.571 -8.517 8.381 23.090 10.313 42.785 32.048 23.521 -35.010 -91.093 -106.717 -119.808 -110.517 -185.315 -181.639 -201.280 -173.135 -148.929 -137.881 -103.989 -62.035 -24.127 29.608 52.733 80.232 99.192 108.912 108.834 109.049 74.258 46.152 13.776 22.281 18.142 10.041 11.430 15.253 21.018 35.730 7.439 11.978 24.324 8.225 32.166 43.336 80.778 95.688 141.213 140.294 152.530 160.440 161.691 154.471 137.972 75.701 26.438 132.926 121.511 76.410 31.048 -44.782 -78.762 -101.202 -126.423 -144.952 -155.796 -147.763 -153.108 -153.705 -105.073 -73.788 -65.756 -163.326 -177.195 -120.204 -109.101 -103.996 -126.392 -76.792 -18.825 51.467 118.434 152.957 288.669 292.393 370.285 406.095 399.363 367.159 245.919 183.814 95.658 10.110 -42.735 -85.558 -118.757 -157.618 -176.408 -177.303 -164.529 -122.335
-89.440 -54.552 -33.173 -18.369 8.638 26.848 33.134 44.020 24.003 20.159 -20.248 -16.867 7.756 28.303 -57.778 -64.402 -87.752 -93.319 -73.549 -39.886 -15.292 18.834 17.360 6.354 39.050 31.675 -2.508 -46.712 -63.059 -77.975 -107.840 -148.191 -170.659 -192.045 -185.979 -146.649 -121.874 -111.956 -76.717 -30.625 9.743 3.260 35.642 129.642 146.462 177.035 155.263 142.856 101.673 43.106 10.912 4.238 3.355 0.444 0.568 3.566 8.979 45.902 15.178 0.151 13.291 -0.203 21.729 40.760 81.530 97.282 112.711 127.515 107.790 108.389 102.228 88.038 33.678 4.254 -42.497 40.870 84.408 41.543 -1.067 -55.451 -83.882 -106.260 -130.694 -151.437 -163.753 -156.377 -163.757 -163.629 -119.512 -91.355 -90.869 -181.248 -149.742 -177.204 -132.968 -129.059 -145.092 -93.094 -38.792 39.529 121.998 199.355 310.688 364.631 408.388 525.867 559.588 540.175 443.733 363.856 198.017 90.520 -75.347 -89.125 -151.398 -182.113 -222.445 -200.399 -191.028 -121.011
-114.438 -72.834 -50.642 -34.351 0.918 34.006 28.696 41.961 24.817 48.971 16.029 20.238 6.251 -7.069 -22.707 -31.044 -88.976 -94.288 -61.276 -22.777 -4.749 -1.231 12.707 2.195 41.773 31.052 9.876 -42.591 -73.871 -87.519 -99.266 -136.183 -162.067 -180.013 -156.126 -131.638 -126.307 -95.649 -60.409 -13.840 27.085 20.877 84.152 148.025 164.204 227.148 205.817 160.242 75.928 58.499 41.887 27.769 5.694 -0.503 -2.610 -0.885 4.065 61.033 11.616 -9.109 5.725 -7.816 16.652 26.742 38.570 85.460 100.266 114.306 95.859 95.818 89.154 45.695 22.105 -7.108 38.402 30.509 75.607 34.723 -6.023 -45.085 -100.199 -109.526 -134.309 -155.987 -169.589 -163.090 -166.532 -156.117 -118.356 -93.013 -95.455 -120.831 -160.379 -183.249 -160.054 -161.512 -173.865 -124.874 -62.720 25.059 115.909 216.744 343.169 341.775 438.628 476.294 471.689 526.063 460.842 375.412 245.367 162.128 22.224 -119.101 -178.236 -214.537 -248.231 -243.200 -224.485 -127.490
-107.144 -91.751 -70.034 -50.206 -11.073 34.088 42.863 39.549 48.656 48.395 17.362 3.836 4.619 -10.096 -26.488 -35.929 -49.258 -70.294 -46.661 -42.951 -11.705 -9.385 -7.065 0.535 38.625 21.080 -4.890 -50.642 -64.110 -76.871 -114.449 -121.499 -163.812 -157.197 -137.989 -121.775 -108.312 -78.252 -43.560 2.855 43.803 68.236 100.065 124.152 207.739 237.982 218.385 121.989 76.611 56.327 37.068 20.637 -18.605 -12.754 -16.260 -15.442 -10.882 41.782 53.954 8.339 -7.762 8.698 7.511 17.461 29.503 73.266 87.319 100.430 83.378 82.673 50.909 34.253 10.887 -31.342 51.937 20.761 67.125 28.762 -9.662 -46.887 -92.672 -118.752 -136.022 -158.584 -173.264 -167.435 -165.270 -147.420 -129.067 -89.730 -65.775 -30.126 -150.994 -144.727 -130.364 -187.200 -193.685 -143.815 -58.637 51.873 151.318 239.724 327.486 367.786 149.898 112.019 96.416 73.582 68.071 103.800 227.521 162.007 80.376 -64.789 -192.813 -235.054 -262.647 -285.331 -242.843 -143.379
-108.874 -107.415 -85.307 -66.771 -18.620 8.196 60.822 55.873 45.880 47.053 16.120 3.921 2.456 -13.286 -30.099 -20.006 -17.223 -17.662 -78.293 -55.843 -30.747 -11.580 -7.638 22.996 22.273 24.917 -13.004 -39.856 -52.031 -63.987 -98.174 -104.713 -140.273 -136.236 -118.152 -100.990 -94.327 -60.215 -26.595 19.034 18.439 82.858 114.112 137.307 256.323 244.169 194.733 131.664 75.458 52.447 30.706 12.131 -8.443 -26.241 -31.084 -31.095 -26.841 21.640 33.997 -9.325 -21.618 -3.830 -6.134 8.426 20.776 36.720 74.454 86.541 70.977 49.906 40.036 23.569 0.767 -39.050 41.442 12.337 -17.877 24.167 -11.619 -46.798 -81.014 -125.181 -135.832 -159.243 -174.782 -164.477 -163.372 -149.439 -132.573 -69.885 -46.761 -56.736 -151.296 -161.550 -132.543 -126.423 -213.277 -143.440 -59.043 32.331 124.229 250.384 161.787 95.240 95.606 100.876 98.832 88.307 61.053 18.694 32.551 38.904 76.119 -58.349 -189.543 -253.563 -293.465 -301.789 -249.167 -174.912
-121.826 -121.757 -99.472 -80.079 -29.969 -0.923 65.741 79.241 42.660 44.265 36.736 -4.067 0.686 2.053 -29.194 -2.385 -25.960 -26.427 -66.184 -65.606 -44.469 -12.314 -6.688 22.906 13.987 -19.169 -3.845 -27.250 -38.200 -71.727 -80.400 -86.482 -103.496 -114.139 -97.204 -80.887 -73.274 -41.969 -9.901 34.333 60.692 95.636 125.884 170.393 167.587 216.215 169.579 131.781 72.268 46.759 22.796 -4.638 -20.469 -40.681 -46.720 -47.409 -38.180 1.334 13.884 26.472 -9.346 -20.260 -14.947 -0.847 12.699 27.934 62.169 73.201 59.198 39.999 30.224 14.251 -7.627 -29.906 32.550 5.830 -21.859 21.338 -11.634 -44.672 -78.952 -116.651 -140.046 -157.993 -174.172 -157.122 -147.663 -148.081 -110.247 -65.909 -50.508 -82.338 -143.212 -159.703 -151.516 -150.573 -153.720 -163.435 -79.454 17.420 144.301 102.696 59.764 82.187 95.115 100.100 98.181 87.795 63.479 29.451 -22.916 -4.146 -34.293 -50.130 -180.903 -283.289 -310.571 -313.820 -285.264 -155.494
-108.496 -102.538 -96.743 -74.766 -19.998 -9.443 64.189 72.792 58.168 62.776 55.893 14.143 21.494 25.107 -34.619 -11.191 -32.504 -16.482 -26.601 -54.266 -42.253 -20.830 -10.308 16.045 19.241 -8.444 -13.195 -34.654 -23.255 -53.782 -61.839 -79.019 -63.752 -91.558 -75.734 -73.233 -52.675 -27.567 6.196 48.465 72.889 106.286 118.508 163.435 220.556 219.299 130.976 128.973 95.873 39.250 13.416 -16.216 -33.361 -31.768 -62.747 -63.892 -29.331 -18.414 -5.626 7.717 -24.821 -32.190 -22.986 -7.933 5.515 15.654 31.315 60.849 35.671 31.305 21.896 6.748 -16.432 -34.127 25.777 1.664 -23.352 20.528 -9.576 -40.470 -73.621 -104.402 -132.215 -154.869 -166.203 -133.448 -142.644 -112.608 -99.877 -64.726 -51.113 -57.773 -60.004 -172.488 -168.801 -150.487 -178.518 -132.451 -83.293 17.570 102.326 24.339 57.449 77.759 92.379 100.279 95.675 85.806 59.979 30.186 -12.748 -47.484 -47.457 -76.218 -170.426 -272.977 -325.531 -316.514 -299.883 -179.762
-123.994 -102.658 -88.297 -59.385 -5.183 33.857 117.729 138.867 137.342 79.896 73.193 33.675 13.922 14.865 -40.463 -51.393 -38.228 -23.727 -30.453 -42.857 -45.765 -26.962 10.698 20.164 13.088 3.207 0.432 -18.312 -27.465 -55.317 -43.176 -57.434 -42.556 -69.137 -54.288 -51.396 -32.364 -9.329 21.435 30.356 55.421 83.230 148.239 168.535 209.170 187.137 127.611 123.164 88.082 30.003 2.727 -28.705 -46.814 -45.896 -78.692 -80.016 -47.746 -36.924 -23.833 -9.735 16.662 -21.301 -23.668 -14.011 -0.608 9.445 23.644 49.784 28.248 24.062 15.301 1.316 -5.128 -35.747 21.429 0.064 -22.228 -44.092 -5.452 -34.265 -66.405 -97.037 -120.986 -146.337 -153.418 -113.166 -123.064 -106.545 -94.697 -60.585 -66.578 -58.301 -64.506 -183.379 -184.400 -168.341 -199.947 -142.999 -96.796 20.643 3.805 17.629 43.449 70.116 91.372 96.051 91.960 82.516 55.080 25.672 -11.351 -63.312 -67.838 -117.340 -160.585 -266.359 -338.973 -331.220 -339.597 -188.640
-156.650 -127.774 -85.866 -67.015 -12.560 69.380 105.873 111.228 139.869 92.869 62.032 24.495 4.840 3.718 -46.682 -56.315 -33.433 -40.566 -32.975 -22.352 -34.816 -19.202 5.407 25.199 12.308 15.181 14.232 -2.091 -10.296 -35.782 -55.044 -46.529 -47.577 -62.281 -50.642 -46.613 -29.215 -9.085 13.690 39.640 65.517 106.672 152.629 170.408 174.401 142.373 121.235 114.425 77.838 41.119 -17.679 -41.786 -60.462 -59.791 -94.050 -95.236 -64.501 -53.591 -40.123 -13.338 0.532 -33.047 -25.442 -18.941 -5.577 4.390 17.256 21.328 22.136 18.352 10.516 -1.988 -7.322 -34.767 19.591 1.040 -18.557 -38.129 0.586 -26.247 -57.487 -87.993 -112.633 -139.671 -105.174 -125.217 -95.620 -98.208 -84.280 -53.867 -62.096 -56.436 -66.683 -132.330 -164.255 -195.236 -196.549 -152.659 -72.382 -8.402 -34.243 10.045 36.274 63.660 86.054 91.376 91.738 73.001 49.001 19.086 -15.589 -59.825 -92.692 -104.325 -172.341 -272.678 -332.626 -328.047 -319.655 -194.874
-160.621 -170.315 -90.328 -59.048 -16.678 60.934 74.275 98.624 123.857 135.464 49.478 13.758 -5.530 -38.735 -53.209 -60.896 -49.857 -42.943 -34.280 -22.711 -20.262 -36.008 1.147 12.606 22.077 26.925 15.906 11.263 6.043 -5.408 -19.333 -23.800 -24.412 -20.834 -32.596 -24.561 -8.739 9.052 6.928 55.441 86.894 130.409 154.173 149.770 128.202 85.945 111.969 102.972 65.412 28.341 -30.658 -55.070 -73.885 -86.384 -78.516 -109.286 -79.108 -67.917 -42.436 -27.819 -13.254 -0.325 -21.233 -22.653 -9.373 0.470 9.693 15.717 -7.237 14.124 7.455 9.251 -7.259 -31.392 -48.068 4.405 -12.587 -30.017 8.256 -20.028 -47.134 -77.482 -102.787 -114.841 -76.909 -128.216 -85.070 -87.963 -64.220 -61.957 -55.588 -52.703 -29.255 -69.954 -176.700 -212.949 -188.999 -169.676 -75.283 -50.542 -42.861 0.793 27.519 56.049 80.870 86.100 87.180 66.739 42.074 11.768 -23.297 -59.990 -106.446 -103.683 -186.804 -264.149 -332.670 -333.533 -209.803 -160.058
-161.527 -172.348 -109.652 -60.957 -19.356 74.184 65.585 86.634 95.917 115.143 88.142 1.812 -16.916 -47.952 -59.959 -65.140 -53.893 -44.321 -30.691 -18.218 -16.558 -10.522 5.350 10.421 31.387 37.965 29.647 26.188 34.415 -7.273 1.108 -2.820 -2.847 1.332 -11.939 -3.997 10.394 25.903 23.485 77.419 117.676 132.643 153.031 106.115 122.185 78.712 100.069 89.150 51.194 6.544 -26.747 -68.115 -86.631 -98.647 -89.762 -112.350 -91.181 -67.774 -54.373 -39.513 -24.422 -10.669 -18.005 -33.791 -12.040 -2.393 6.072 11.384 -7.812 11.219 15.036 8.468 -5.249 -25.993 -40.029 9.800 -4.724 -20.190 -36.813 -9.554 -35.697 -65.788 -73.922 -52.013 -38.451 -63.762 -73.082 -76.231 -68.545 -51.803 -47.649 -47.670 -26.616 -72.388 -154.085 -229.324 -209.224 -183.071 -83.193 -79.413 -40.720 -8.107 17.750 46.214 68.390 80.738 82.652 60.171 37.678 4.071 -31.271 -64.698 -109.173 -116.926 -171.874 -256.810 -302.761 -335.542 -160.170 -115.551
-136.187 -170.830 -139.020 -79.301 -19.256 69.277 77.096 93.973 81.041 94.807 80.448 10.357 -29.015 -57.734 -66.836 -60.230 -51.625 -56.215 -30.732 -17.516 -23.867 8.935 17.379 28.225 32.518 47.921 41.879 53.846 12.069 25.289 19.348 16.068 16.754 21.683 6.848 14.763 27.894 24.038 45.046 99.560 121.534 143.574 134.396 52.129 113.907 69.433 85.912 52.528 35.665 -8.478 -40.493 -66.736 -98.233 -109.403 -99.247 -109.265 -88.249 -76.812 -63.286 -48.276 -32.872 -18.585 -6.877 -35.184 -12.908 -4.319 1.217 5.088 -7.551 -15.753 13.710 9.132 -1.725 -19.065 -30.428 16.742 4.516 -9.182 -24.652 1.551 -23.595 -53.265 7.734 -35.670 -21.146 -30.912 -46.141 -63.475 -56.429 -54.257 -38.878 -41.901 -22.930 -17.858 -107.671 -231.395 -227.604 -194.382 -85.239 -91.770 -44.730 -18.645 7.386 37.962 61.876 75.852 78.766 62.910 31.058 -3.579 -39.179 -69.926 -108.686 -126.960 -150.363 -226.708 -256.729 -334.015 -156.285 -111.238
-100.860 -165.918 -159.371 -111.342 1.589 47.345 70.936 82.948 83.191 82.823 75.673 37.602 -16.502 -48.240 -69.796 -60.253 -54.939 -54.865 -30.037 -24.387 -16.229 3.550 23.982 36.734 41.027 49.533 66.034 70.830 44.329 40.440 35.201 32.661 34.150 39.926 41.565 31.481 30.041 44.159 66.440 106.024 123.442 141.153 56.769 48.659 103.668 58.407 69.976 35.971 11.222 -23.564 -53.716 -78.129 -108.246 -118.248 -107.795 -104.185 -94.662 -82.822 -69.160 -54.128 -38.652 -24.151 -12.062 -34.647 -11.480 -5.455 -0.236 -2.225 -6.708 -10.792 -19.237 10.820 2.817 -11.168 -19.875 24.666 14.549 2.416 -12.029 -29.539 -11.295 9.432 24.770 9.134 -13.916 -15.100 -13.880 -47.968 -26.727 -43.475 -29.842 -35.916 -18.674 -16.063 -70.792 -216.288 -243.811 -195.629 -106.282 -106.573 -52.377 -29.895 -2.660 26.696 56.065 72.003 76.146 59.337 25.190 -10.717 -46.651 -73.974 -105.026 -135.484 -133.452 -228.211 -255.722 -328.964 -150.033 -104.725
-102.581 -157.938 -150.843 -103.383 -40.819 38.953 66.609 73.464 68.692 62.628 42.460 15.099 -32.618 -58.058 -55.063 -65.825 -57.435 -50.538 -47.113 -21.588 1.034 8.806 29.631 39.354 59.158 79.675 71.190 93.135 56.932 51.715 48.602 46.871 49.201 55.851 65.513 45.984 54.571 68.920 77.662 110.676 123.539 99.115 56.393 45.006 99.876 49.327 52.816 18.661 -5.568 -38.153 -65.896 -88.067 -103.919 -128.585 -68.994 -108.610 -98.214 -85.888 -72.130 -57.235 -41.947 -27.554 -15.433 -34.144 -16.429 -2.778 -1.092 -4.350 -3.986 -8.489 -15.030 -23.590 7.869 -2.873 -8.998 32.985 24.772 14.005 0.469 -16.901 33.332 81.455 40.608 25.415 3.321 0.257 -34.236 1.016 -12.629 -13.173 -21.053 -30.163 -14.267 -13.800 -30.136 -156.698 -244.668 -174.646 -124.478 -111.449 -60.990 -40.308 -16.826 18.640 51.369 54.100 60.874 57.484 20.624 -16.870 -53.303 -79.309 -105.239 -140.354 -127.552 -225.223 -250.855 -171.514 -80.341 -96.321
-92.342 -85.130 -139.447 -92.718 -32.311 -1.434 48.533 65.495 55.683 44.050 21.075 -20.765 -51.025 -47.098 -61.706 -60.260 -50.872 -60.056 -43.135 -27.128 3.271 13.277 48.140 59.151 88.640 107.956 130.929 162.623 66.847 62.428 59.575 58.688 61.839 81.289 92.080 57.122 67.495 80.631 86.632 113.528 95.647 63.615 54.632 40.018 86.014 35.359 41.316 -8.714 -18.465 -50.281 -76.623 -97.165 -111.292 -96.605 -36.330 -110.388 -99.039 -86.224 -72.458 -57.882 -43.043 -29.068 -17.236 -30.657 -16.284 -1.828 2.491 -5.580 -2.848 -6.059 -10.728 -16.864 -22.139 5.284 1.616 41.131 34.610 25.015 12.288 23.805 76.014 94.249 54.741 48.519 19.394 -5.367 -19.050 17.894 24.650 23.996 15.208 5.010 29.076 25.243 -64.888 -114.804 -198.587 -165.462 -141.679 -115.467 -70.395 -50.408 -30.248 11.402 43.776 50.928 59.742 57.833 17.842 -21.605 -58.770 -83.510 -106.296 -137.780 -125.543 -206.793 -243.408 -111.765 -70.687 -86.417
-80.927 -83.761 -125.875 -64.688 -22.144 4.747 37.267 46.744 44.227 27.364 -13.736 -40.278 -68.266 -43.321 -45.342 -61.918 -66.747 -53.218 -42.882 -18.020 12.394 26.465 51.047 69.911 104.777 127.530 137.984 139.955 98.227 108.439 103.845 97.820 100.824 108.969 102.567 95.295 77.789 89.795 93.289 82.285 71.622 63.310 51.615 33.946 71.415 20.955 8.895 -26.841 -34.690 -63.032 -85.881 -103.402 -115.053 -98.783 84.494 -109.651 -97.378 -84.150 -70.506 -56.441 -42.295 -29.015 -47.694 -27.367 -15.486 0.183 7.048 -1.530 -1.713 -3.733 -6.656 -10.496 -13.640 -20.467 11.452 48.596 43.549 34.945 78.597 110.097 86.668 55.934 66.698 51.773 14.325 8.178 4.655 33.211 38.294 64.607 61.528 51.376 35.626 30.081 -27.596 -91.454 -120.176 -160.724 -148.930 -108.321 -78.955 -59.953 -43.750 5.208 41.488 49.891 37.760 68.570 17.208 -24.569 -62.738 -85.700 -107.350 -135.184 -121.508 -186.708 -233.696 -100.952 -60.150 -75.468
-59.223 -69.846 -46.999 -51.100 -11.926 11.801 27.024 33.834 15.750 0.152 -49.375 -113.846 -136.164 -115.709 -80.905 -69.268 -54.597 -56.723 -34.666 -12.141 13.342 39.934 101.270 109.992 101.972 119.481 141.687 144.302 79.168 100.634 111.356 110.977 109.733 99.744 112.578 117.465 85.414 96.355 74.252 74.273 72.209 61.679 47.530 27.100 56.595 6.664 -9.377 -43.743 -49.293 -73.777 -92.855 -107.200 -116.348 63.326 80.692 31.077 -93.557 -80.062 -66.701 -53.334 -40.097 -27.744 -43.580 -25.490 -14.222 -0.389 11.740 5.683 2.679 0.430 -3.044 -4.811 -5.981 -10.542 -14.139 -18.267 51.170 162.692 151.969 116.690 94.605 65.473 80.382 15.071 26.798 20.156 30.715 46.496 50.036 76.426 71.711 112.103 97.390 85.352 24.184 0.259 -122.447 -160.388 -155.041 -109.752 -84.925 -68.692 -53.326 0.211 40.939 30.871 38.400 75.117 18.922 -25.529 -63.778 -85.226 -99.009 -139.020 -118.628 -169.764 -168.033 0.280 -49.140 -63.953
-47.137 -68.101 -43.456 -43.036 -1.650 18.952 29.321 30.495 8.033 -21.716 -80.386 -127.948 -141.575 -130.363 -151.217 -92.246 -69.734 -44.397 -10.377 0.580 27.919 47.879 100.020 95.866 102.719 120.522 131.000 145.476 142.445 81.890 82.705 86.933 96.123 105.982 119.318 143.634 81.601 80.144 66.143 75.320 71.292 58.858 42.614 19.830 -9.740 -5.689 -26.277 -58.825 -84.088 -82.181 -97.343 -108.471 -115.178 58.063 75.438 29.171 29.382 23.152 -61.503 -49.003 -36.849 -25.597 -38.827 0.000 0.000 -0.590 8.528 5.793 10.741 13.373 12.501 17.929 5.403 3.009 9.698 56.915 129.129 123.203 111.359 81.392 59.191 30.663 -4.412 26.294 44.601 30.180 42.216 37.992 59.568 85.938 79.821 121.367 104.925 91.356 27.633 2.919 -165.834 -154.671 -159.123 -113.116 -91.229 -76.375 -61.689 -20.821 42.070 23.955 41.717 55.157 22.981 -22.459 -64.016 -77.937 -96.717 -137.379 -114.284 -157.982 -79.647 9.993 -38.074 -52.350
-35.660 -53.652 -51.598 25.136 7.944 25.524 31.498 27.731 1.701 -31.726 -91.861 -166.240 -189.139 -179.339 -158.806 -126.747 -92.161 -48.778 -9.657 1.824 27.534 29.754 57.259 56.855 101.119 118.862 129.447 133.006 141.895 84.037 85.532 30.527 42.793 73.301 108.174 125.792 83.786 72.189 68.135 74.703 68.980 55.033 37.135 12.505 -41.880 -19.762 -41.243 -71.582 -93.344 -88.037 -99.283 -107.267 -62.868 52.004 69.035 26.710 27.560 22.068 13.474 5.303 -0.278 -2.877 -26.939 0.000 0.000 -0.697 0.000 5.586 10.533 20.556 32.777 48.623 53.714 68.167 60.277 64.716 130.742 125.034 113.535 84.883 64.287 38.015 6.798 -23.467 52.564 48.193 51.109 46.826 66.681 92.914 85.692 128.351 110.614 57.887 30.320 -45.846 -123.944 -148.845 -162.191 -113.694 -95.545 -85.358 -68.619 -38.128 44.671 26.447 47.502 63.269 31.927 -14.429 -52.563 -80.110 -96.388 -133.286 -107.927 -144.151 -37.681 19.045 -0.431 -31.612
-25.196 -40.326 -36.326 28.393 90.757 30.993 33.144 18.422 -3.413 -39.529 -136.211 -175.764 -197.851 -187.575 -163.504 -127.836 -72.359 -2.099 -18.087 6.905 22.111 29.611 55.023 7.332 8.914 9.620 125.331 129.339 6.342 -34.720 24.474 31.436 43.428 60.415 96.862 112.366 84.173 75.343 68.182 78.536 65.441 50.424 31.374 -11.637 -48.629 -0.571 -53.813 -81.631 -99.760 -91.271 -98.746 -103.767 -61.366 45.481 61.833 23.851 25.251 20.539 12.763 5.271 0.129 -2.289 -22.634 0.000 0.000 -0.727 0.000 5.157 9.916 17.905 31.252 47.442 54.316 70.078 64.496 69.733 69.700 124.112 112.936 85.802 66.900 46.838 15.792 -12.377 13.878 65.912 57.271 53.054 56.410 97.230 89.242 132.844 114.285 59.947 -22.036 -44.237 -100.673 -139.483 -161.667 -114.688 -96.917 -88.019 -73.944 -41.559 16.369 30.921 44.961 55.528 16.102 1.173 -43.008 -73.416 -91.715 -127.668 -102.920 -129.991 7.011 27.129 8.273 7.576
7.599 -48.498 -22.940 37.374 69.058 104.938 33.986 16.624 -7.447 -45.209 -138.579 -181.537 -202.762 -191.987 -165.193 -104.683 -15.955 -5.326 -16.873 6.695 20.822 28.601 51.815 7.353 9.040 9.870 9.614 8.448 6.852 -32.881 -28.806 -19.612 -4.224 16.659 38.681 38.065 82.409 86.897 66.475 74.578 60.892 37.555 14.250 -16.563 -54.008 -14.555 -63.658 -88.733 -103.242 -109.364 -95.930 -67.077 -58.690 38.820 54.201 20.768 22.603 18.673 11.786 5.062 0.424 -1.774 -18.640 0.000 0.000 0.000 0.000 0.000 9.024 16.649 29.073 45.152 53.323 69.868 66.290 72.100 72.083 120.621 109.762 95.097 67.140 50.092 22.417 -5.136 27.320 45.508 28.091 56.705 58.726 98.886 90.484 134.725 64.707 4.369 -21.072 -42.288 -36.304 -125.627 -156.876 -116.463 -98.209 -86.167 -71.785 -33.941 9.377 32.332 72.709 81.028 48.266 -8.348 -32.583 -66.910 -87.332 -120.754 -94.596 -119.597 14.635 33.981 30.136 14.712
-4.775 4.952 -11.757 43.500 72.690 101.788 84.850 30.926 -6.282 -86.469 -140.928 -183.418 -203.698 -162.681 -137.760 -33.912 -18.679 -7.650 -15.681 6.183 30.573 26.879 7.131 7.144 8.867 9.773 9.617 8.554 7.046 -30.879 -27.717 -19.553 -5.202 14.713 35.742 35.073 32.742 41.139 53.719 66.186 51.000 32.975 9.938 -20.604 -57.752 -25.802 -70.599 -92.808 -103.848 -106.478 -89.978 -63.690 12.465 32.317 46.493 17.626 19.768 16.588 10.619 4.710 0.616 -1.337 0.000 0.000 0.000 0.000 0.000 0.000 -0.292 15.057 26.472 42.014 61.043 67.815 65.911 72.058 72.033 114.862 104.338 90.648 47.617 50.981 26.709 2.508 40.978 47.507 31.158 21.387 17.537 63.910 101.721 85.992 -0.354 3.987 -20.023 -40.015 -21.674 -102.116 -151.635 -115.951 -98.915 -85.378 -63.955 -46.258 24.131 53.587 103.803 101.712 57.931 6.099 -43.737 -60.701 -80.719 -111.478 -80.457 -113.296 59.472 54.234 35.134 20.095
2.885 11.915 33.170 99.209 139.315 153.524 110.383 72.224 11.024 -72.185 -126.239 -167.440 -186.532 -160.804 -52.021 -35.489 -20.258 -9.139 -14.477 5.470 18.781 24.624 6.628 9.353 8.442 9.378 9.301 8.351 6.960 -28.716 -26.408 -19.293 -6.126 12.547 3.320 31.615 30.116 38.142 38.336 64.777 45.730 28.330 6.052 -23.595 -59.717 -79.549 -65.423 -93.933 -101.780 -101.363 -65.826 -59.216 8.395 26.219 39.020 14.575 16.895 14.403 9.341 4.256 0.718 -17.177 0.000 0.000 0.000 0.000 0.000 0.000 -0.185 13.284 23.879 39.538 56.672 64.241 77.916 69.935 69.880 64.858 97.082 68.437 68.038 49.808 28.858 7.097 42.273 47.414 38.971 22.510 17.164 36.383 98.183 82.844 -2.232 3.423 -18.891 -37.446 -20.017 -104.103 -141.925 -125.373 -97.537 -81.838 -60.895 -33.699 27.310 82.250 107.792 123.258 66.857 13.745 -34.934 -64.527 -79.079 -101.951 -69.756 -104.727 105.243 57.200 38.417 1.913

# Top 10 maximum values:
# Index_r, Index_theta, r_value, theta_value, z_value
28, 104, 5.700000, 5.471607, 408.388089
29, 104, 5.900000, 5.471607, 438.628189
28, 108, 5.700000, 5.681047, 443.733270
29, 108, 5.900000, 5.681047, 460.841778
29, 106, 5.900000, 5.576327, 471.688623
29, 105, 5.900000, 5.523967, 476.293870
28, 105, 5.700000, 5.523967, 525.866888
29, 107, 5.900000, 5.628687, 526.063013
28, 107, 5.700000, 5.628687, 540.174550
28, 106, 5.700000, 5.576327, 559.588245

# Analysis of potential symmetric artifacts:
# Found 1 local maxima
# Local maxima (r, theta, z_value, angle_degrees):
5.7000, 5.5763, 559.588245, 319.50°

# Potential symmetric pairs (difference close to π):
# No symmetric pairs found
