# Z-Grid Data for Iteration 3
# Shape: (50, 120)
# Min value: -202.20775414861558
# Max value: 285.0401892568919
# Average value: -4.968459438631793

# Radial edges (r_edges):
0.000
0.200
0.400
0.600
0.800
1.000
1.200
1.400
1.600
1.800
2.000
2.200
2.400
2.600
2.800
3.000
3.200
3.400
3.600
3.800
4.000
4.200
4.400
4.600
4.800
5.000
5.200
5.400
5.600
5.800
6.000
6.200
6.400
6.600
6.800
7.000
7.200
7.400
7.600
7.800
8.000
8.200
8.400
8.600
8.800
9.000
9.200
9.400
9.600
9.800
10.000

# Angular edges (theta_edges):
0.000
0.052
0.105
0.157
0.209
0.262
0.314
0.367
0.419
0.471
0.524
0.576
0.628
0.681
0.733
0.785
0.838
0.890
0.942
0.995
1.047
1.100
1.152
1.204
1.257
1.309
1.361
1.414
1.466
1.518
1.571
1.623
1.676
1.728
1.780
1.833
1.885
1.937
1.990
2.042
2.094
2.147
2.199
2.251
2.304
2.356
2.409
2.461
2.513
2.566
2.618
2.670
2.723
2.775
2.827
2.880
2.932
2.985
3.037
3.089
3.142
3.194
3.246
3.299
3.351
3.403
3.456
3.508
3.560
3.613
3.665
3.718
3.770
3.822
3.875
3.927
3.979
4.032
4.084
4.136
4.189
4.241
4.294
4.346
4.398
4.451
4.503
4.555
4.608
4.660
4.712
4.765
4.817
4.869
4.922
4.974
5.027
5.079
5.131
5.184
5.236
5.288
5.341
5.393
5.445
5.498
5.550
5.603
5.655
5.707
5.760
5.812
5.864
5.917
5.969
6.021
6.074
6.126
6.178
6.231
6.283

# Z-Grid matrix (rows = radii, columns = angles):
4.449 4.186 3.805 3.404 3.014 2.697 2.639 2.792 2.731 2.419 2.050 1.687 1.337 1.000 0.676 0.367 0.082 -0.163 -0.490 -1.296 -2.485 -3.252 -3.559 -3.756 -3.948 -4.278 -5.209 -6.842 -8.330 -9.211 -9.606 -9.751 -9.818 -9.863 -9.896 -9.918 -9.930 -9.931 -9.919 -9.896 -9.861 -9.815 -9.756 -9.687 -9.607 -9.515 -9.412 -9.298 -9.173 -9.037 -8.892 -8.736 -8.570 -8.393 -8.206 -8.009 -7.802 -7.585 -7.360 -7.125 -6.883 -6.639 -6.392 -6.134 -5.872 -5.640 -5.433 -5.188 -4.899 -4.600 -4.302 -4.001 -3.696 -3.389 -3.083 -2.777 -2.473 -2.173 -1.876 -1.585 -1.300 -1.023 -0.755 -0.497 -0.250 -0.016 0.203 0.408 0.596 0.780 1.112 2.181 4.436 6.818 8.007 8.291 8.375 8.612 9.263 10.091 10.471 10.397 10.107 9.711 9.368 9.067 8.673 8.323 8.626 9.502 9.897 9.706 9.401 9.115 8.765 8.279 7.466 6.380 5.581 5.224
1.591 1.181 0.590 -0.021 -0.609 -1.085 -1.198 -1.013 -1.112 -1.542 -2.043 -2.527 -2.987 -3.422 -3.834 -4.218 -4.527 -4.660 -4.725 -5.108 -5.695 -6.024 -6.204 -6.408 -6.628 -6.913 -7.557 -8.848 -10.449 -11.706 -12.403 -12.711 -12.843 -12.918 -12.974 -13.025 -13.071 -13.095 -13.097 -13.084 -13.046 -12.984 -12.904 -12.808 -12.698 -12.572 -12.425 -12.254 -12.067 -11.871 -11.666 -11.448 -11.212 -10.956 -10.683 -10.394 -10.089 -9.767 -9.429 -9.076 -8.718 -8.372 -8.028 -7.648 -7.240 -6.853 -6.477 -6.008 -5.449 -4.921 -4.440 -3.945 -3.419 -2.877 -2.333 -1.789 -1.242 -0.695 -0.151 0.387 0.917 1.439 1.953 2.462 2.962 3.432 3.863 4.259 4.631 5.005 5.670 7.591 10.824 13.312 14.276 14.531 14.741 15.491 16.988 18.293 18.566 18.040 17.058 15.816 14.873 14.153 13.040 11.587 10.749 10.559 10.248 9.684 9.111 8.580 7.976 7.227 6.070 4.529 3.365 2.824
-2.386 -3.004 -3.884 -4.778 -5.626 -6.373 -6.868 -7.150 -7.570 -8.158 -8.757 -9.314 -9.818 -10.274 -10.709 -11.105 -11.345 -11.265 -11.036 -11.070 -11.198 -11.156 -11.134 -11.192 -11.294 -11.427 -11.781 -12.682 -14.040 -15.235 -16.073 -16.602 -16.870 -17.013 -17.125 -17.266 -17.434 -17.554 -17.634 -17.687 -17.678 -17.611 -17.511 -17.389 -17.257 -17.105 -16.904 -16.647 -16.371 -16.106 -15.854 -15.597 -15.304 -14.971 -14.614 -14.237 -13.833 -13.401 -12.943 -12.470 -12.005 -11.569 -11.123 -10.601 -10.003 -9.349 -8.603 -7.633 -6.482 -5.526 -4.796 -4.023 -3.107 -2.111 -1.147 -0.204 0.755 1.725 2.692 3.643 4.580 5.536 6.523 7.606 8.769 9.795 10.589 11.231 11.871 12.564 13.704 16.651 21.177 24.190 25.180 25.388 25.575 26.815 28.787 29.399 28.343 26.455 24.454 22.506 21.037 19.782 17.681 14.758 12.457 10.935 9.670 8.500 7.389 6.323 5.245 4.141 2.854 1.356 0.146 -0.524
-5.536 -6.384 -7.577 -8.768 -9.875 -10.883 -11.761 -12.519 -13.239 -13.929 -14.549 -15.081 -15.507 -15.850 -16.220 -16.593 -16.802 -16.748 -16.649 -16.751 -16.894 -16.899 -16.825 -16.730 -16.674 -16.625 -16.752 -17.330 -18.263 -19.133 -19.939 -20.663 -21.129 -21.422 -21.665 -21.940 -22.260 -22.519 -22.721 -22.861 -22.884 -22.805 -22.663 -22.490 -22.320 -22.123 -21.851 -21.499 -21.130 -20.802 -20.524 -20.259 -19.934 -19.545 -19.131 -18.702 -18.231 -17.725 -17.195 -16.660 -16.143 -15.634 -15.065 -14.390 -13.608 -12.689 -11.588 -10.163 -8.460 -7.000 -5.825 -4.588 -3.025 -1.228 0.391 1.911 3.515 5.131 6.720 8.253 9.808 11.522 13.351 15.609 18.308 20.509 21.787 22.492 23.226 24.108 25.582 29.246 34.935 38.861 40.152 40.005 39.211 39.763 41.098 40.513 38.323 35.762 34.091 33.314 32.510 31.140 28.234 23.914 19.812 16.150 13.091 10.671 8.494 6.515 4.695 2.924 1.087 -0.740 -2.171 -2.992
-8.276 -9.352 -10.858 -12.329 -13.658 -14.844 -15.890 -16.803 -17.586 -18.239 -18.750 -19.125 -19.400 -19.612 -19.907 -20.265 -20.538 -20.684 -20.840 -21.099 -21.370 -21.538 -21.619 -21.717 -21.849 -21.945 -22.164 -22.727 -23.541 -24.422 -25.392 -26.357 -27.129 -27.763 -28.319 -28.798 -29.221 -29.562 -29.797 -29.881 -29.810 -29.610 -29.302 -28.932 -28.557 -28.142 -27.683 -27.190 -26.683 -26.193 -25.745 -25.328 -24.870 -24.352 -23.824 -23.298 -22.732 -22.158 -21.589 -21.006 -20.407 -19.774 -19.033 -18.154 -17.122 -15.922 -14.616 -13.129 -11.410 -9.650 -7.877 -6.041 -3.821 -1.251 1.069 3.396 6.024 8.659 11.295 13.947 16.811 20.017 23.030 26.494 30.761 34.295 36.369 37.437 38.107 38.523 39.592 42.963 48.961 53.553 54.979 54.573 52.763 52.600 54.176 54.425 53.865 53.545 53.502 53.927 54.068 53.316 50.033 44.341 38.180 31.617 25.427 20.337 15.828 12.115 9.099 6.175 2.824 -0.718 -3.328 -4.629
-11.474 -12.796 -14.667 -16.430 -17.922 -19.181 -20.240 -21.099 -21.713 -22.106 -22.374 -22.554 -22.737 -22.939 -23.192 -23.481 -23.741 -23.946 -24.164 -24.493 -24.899 -25.269 -25.704 -26.361 -27.169 -28.082 -29.281 -30.796 -32.407 -34.140 -35.929 -37.487 -38.762 -39.972 -41.189 -42.215 -42.945 -43.423 -43.602 -43.469 -43.179 -42.760 -42.140 -41.331 -40.355 -39.233 -38.124 -37.061 -35.939 -34.734 -33.550 -32.461 -31.453 -30.488 -29.583 -28.747 -27.968 -27.282 -26.626 -25.918 -25.151 -24.340 -23.404 -22.257 -20.900 -19.383 -17.854 -16.305 -14.627 -12.768 -10.733 -8.600 -6.199 -3.522 -0.864 2.123 5.637 9.428 13.851 18.676 23.514 28.098 31.583 35.079 39.338 43.231 46.334 48.803 50.314 50.937 52.420 56.158 62.162 66.438 67.295 67.670 67.847 70.019 74.373 77.034 78.907 80.804 80.268 78.512 77.230 76.202 72.890 67.062 60.292 52.217 43.425 35.443 28.112 21.992 17.222 12.863 7.661 1.723 -2.709 -4.855
-14.331 -16.229 -18.912 -21.231 -22.901 -24.131 -25.065 -25.705 -25.960 -25.933 -25.936 -26.005 -26.111 -26.235 -26.362 -26.499 -26.672 -26.890 -27.205 -27.785 -28.688 -29.797 -31.221 -33.148 -35.611 -38.664 -42.304 -46.092 -49.902 -54.248 -58.383 -60.814 -61.437 -61.886 -63.420 -65.320 -66.750 -67.728 -68.240 -68.179 -67.928 -67.585 -66.846 -65.546 -63.602 -61.198 -58.883 -56.706 -54.281 -51.627 -49.025 -46.507 -44.024 -41.629 -39.416 -37.469 -35.847 -34.524 -33.317 -32.180 -31.102 -30.021 -28.826 -27.410 -25.824 -24.137 -22.386 -20.573 -18.647 -16.591 -14.398 -12.075 -9.580 -6.911 -4.135 -1.047 2.572 7.011 13.036 19.957 26.165 31.046 34.478 38.001 42.145 46.121 50.032 54.293 58.444 62.573 68.632 76.666 84.484 89.920 92.398 94.392 97.470 102.869 110.064 114.558 116.797 117.586 114.170 108.131 102.044 97.098 91.598 84.669 77.027 67.986 57.756 48.187 38.860 29.791 22.459 16.942 11.408 4.854 -0.479 -3.234
-16.446 -19.319 -23.268 -26.528 -28.520 -29.644 -30.305 -30.558 -30.364 -29.961 -29.698 -29.555 -29.436 -29.336 -29.269 -29.273 -29.491 -30.070 -31.066 -32.635 -34.937 -37.838 -41.150 -45.034 -50.291 -57.135 -64.138 -69.964 -76.160 -84.403 -91.579 -93.145 -87.795 -81.047 -79.407 -81.618 -84.405 -87.300 -90.093 -91.648 -92.344 -92.742 -92.537 -91.430 -89.298 -86.547 -84.236 -82.585 -80.805 -78.772 -76.496 -73.280 -68.805 -63.748 -58.972 -54.812 -51.042 -47.535 -44.347 -41.670 -39.467 -37.526 -35.735 -33.987 -32.230 -30.416 -28.447 -26.289 -23.944 -21.478 -18.919 -16.262 -13.510 -10.695 -7.932 -5.074 -1.435 3.355 9.380 16.224 22.830 28.849 34.032 39.085 44.342 49.426 54.719 61.493 70.187 80.599 93.164 105.253 114.718 124.359 133.261 137.868 140.311 145.121 152.929 158.936 160.782 159.244 153.937 145.321 134.921 125.328 115.621 104.633 93.642 82.013 69.659 58.259 46.375 32.990 21.435 13.963 8.747 3.234 -1.525 -3.985
-20.781 -23.901 -28.423 -32.392 -34.675 -35.612 -35.863 -35.577 -34.861 -34.114 -33.533 -33.029 -32.586 -32.263 -32.177 -32.463 -33.378 -35.187 -37.749 -40.833 -44.677 -49.293 -53.113 -55.788 -61.411 -71.225 -79.346 -83.841 -90.325 -100.758 -109.469 -109.818 -97.544 -79.823 -70.507 -70.849 -75.305 -82.123 -89.956 -95.104 -97.580 -99.066 -99.850 -99.838 -99.000 -97.710 -97.143 -98.067 -99.949 -102.332 -103.943 -102.679 -98.396 -93.088 -88.614 -84.574 -78.986 -72.137 -65.582 -59.552 -54.077 -49.457 -45.760 -42.767 -40.243 -37.960 -35.655 -33.141 -30.371 -27.392 -24.295 -21.211 -18.240 -15.420 -12.764 -9.956 -5.812 -0.318 5.197 10.689 17.052 24.755 32.759 40.327 47.731 55.440 64.033 74.745 88.989 105.459 120.895 132.194 141.115 152.866 166.745 175.313 176.965 178.916 185.538 193.347 196.289 193.840 187.950 179.200 168.259 156.705 143.459 127.956 112.369 96.804 81.853 68.210 53.835 36.961 20.544 8.621 1.009 -4.844 -9.180 -11.186
-29.417 -31.653 -35.444 -39.099 -41.251 -41.899 -41.637 -40.747 -39.472 -38.294 -37.319 -36.462 -35.836 -35.660 -36.281 -37.858 -40.249 -43.213 -45.915 -47.140 -48.036 -50.471 -50.035 -44.963 -45.247 -54.791 -62.417 -66.747 -75.844 -87.980 -97.966 -102.024 -94.366 -76.134 -59.901 -53.994 -57.540 -67.833 -80.823 -89.552 -93.609 -95.843 -97.205 -97.951 -98.106 -97.632 -97.352 -98.859 -102.615 -107.733 -111.937 -113.066 -112.020 -111.246 -111.801 -111.658 -107.747 -102.432 -97.845 -90.255 -80.289 -71.311 -63.549 -56.818 -51.484 -47.391 -44.011 -40.857 -37.647 -34.208 -30.644 -27.198 -23.983 -21.015 -18.022 -14.464 -9.448 -3.472 1.817 6.533 12.270 20.160 29.960 40.780 51.966 63.572 76.622 91.734 109.261 126.491 140.010 149.922 159.120 170.636 185.818 199.282 203.771 204.021 208.260 216.426 221.475 219.840 213.528 204.483 193.475 181.102 166.761 149.986 131.573 112.192 93.640 76.186 59.190 41.133 22.066 5.276 -6.675 -14.543 -19.719 -22.361
-40.155 -41.665 -44.155 -46.627 -48.237 -48.442 -47.533 -45.989 -44.177 -42.565 -41.285 -40.445 -40.379 -41.420 -43.601 -46.242 -47.754 -46.675 -42.783 -35.453 -27.190 -23.224 -18.111 -9.261 -7.783 -17.093 -26.903 -38.271 -56.167 -72.819 -85.071 -94.248 -97.094 -88.871 -71.326 -55.666 -52.756 -63.008 -78.770 -89.591 -94.387 -96.507 -97.386 -97.877 -97.990 -97.220 -96.143 -97.015 -100.530 -104.640 -107.465 -108.691 -109.720 -111.482 -112.927 -112.821 -111.810 -114.799 -120.502 -118.196 -110.302 -102.990 -93.401 -81.790 -70.892 -61.920 -55.099 -49.900 -45.610 -41.632 -37.816 -34.111 -30.342 -26.579 -22.687 -18.032 -12.232 -6.287 -1.179 3.440 8.736 15.759 25.660 39.355 55.246 70.667 86.919 105.343 122.971 136.618 148.694 160.428 171.642 183.459 198.602 215.589 225.009 225.408 226.596 233.189 240.339 240.993 234.948 224.952 212.649 199.387 185.156 168.432 149.117 128.323 106.882 84.427 62.632 42.443 22.249 2.371 -13.403 -23.627 -30.029 -33.495
-50.725 -51.874 -53.389 -54.865 -55.861 -55.362 -53.571 -51.310 -49.081 -47.334 -46.420 -46.752 -48.444 -50.870 -52.173 -50.165 -43.685 -31.495 -16.187 -1.350 11.845 19.029 22.493 23.137 16.590 5.636 -5.897 -23.279 -47.351 -67.313 -81.370 -93.326 -102.930 -105.813 -95.578 -75.574 -62.237 -66.258 -81.291 -92.759 -97.542 -98.887 -98.840 -98.748 -98.546 -97.683 -96.698 -97.716 -101.028 -103.703 -104.696 -105.015 -105.178 -104.197 -100.728 -95.973 -93.927 -99.501 -109.216 -113.051 -115.944 -121.994 -122.164 -114.858 -102.198 -87.235 -73.721 -63.147 -55.442 -49.774 -45.258 -41.072 -36.607 -31.845 -26.926 -21.407 -15.131 -9.195 -4.075 0.657 5.830 12.372 21.789 36.039 54.101 72.451 90.752 109.175 125.071 138.031 152.418 167.218 180.535 193.178 207.454 225.005 238.768 241.585 241.570 246.115 253.993 258.448 255.243 245.119 231.140 216.430 201.334 183.258 162.454 141.007 118.780 93.490 66.590 42.171 19.806 -1.823 -19.732 -32.206 -40.059 -44.068
-60.664 -61.366 -62.221 -63.134 -63.637 -62.409 -59.782 -57.016 -54.888 -54.040 -55.008 -57.531 -59.568 -58.044 -49.940 -34.917 -17.266 1.637 19.697 32.514 41.735 46.879 46.359 38.889 26.788 15.515 2.801 -17.547 -42.256 -62.119 -77.127 -90.857 -103.878 -114.216 -115.973 -103.729 -84.168 -75.699 -83.997 -93.896 -98.310 -99.478 -99.518 -99.349 -98.791 -97.748 -96.883 -98.027 -101.156 -103.014 -103.097 -102.423 -99.595 -93.059 -85.024 -78.218 -74.313 -75.550 -79.526 -82.226 -89.526 -104.022 -117.426 -126.959 -129.119 -120.638 -104.801 -86.684 -71.143 -60.289 -53.063 -47.603 -42.504 -37.147 -31.467 -25.253 -18.566 -12.436 -7.117 -2.155 3.267 10.324 20.034 32.968 49.314 68.617 87.984 103.824 118.770 136.047 154.198 170.702 185.422 199.059 212.803 229.016 244.091 250.417 252.173 255.614 263.576 272.948 273.942 264.104 248.488 231.405 213.564 192.624 169.229 146.015 122.997 96.971 67.997 40.585 15.944 -6.553 -25.143 -39.597 -49.420 -54.176
-69.730 -70.084 -70.436 -70.807 -70.792 -69.181 -66.488 -64.316 -63.856 -65.659 -68.868 -69.925 -64.193 -49.595 -27.219 -2.480 17.886 32.356 42.644 49.929 55.893 59.380 56.437 46.436 35.544 25.773 10.657 -12.390 -35.317 -53.287 -68.820 -84.138 -99.345 -113.599 -124.225 -124.724 -109.262 -90.083 -86.560 -91.998 -96.121 -98.171 -99.007 -98.785 -97.526 -95.800 -94.427 -95.100 -97.816 -99.285 -98.832 -96.615 -89.454 -77.431 -67.854 -62.890 -60.204 -59.357 -59.067 -58.445 -61.036 -68.657 -79.694 -97.739 -120.462 -136.505 -139.267 -123.564 -98.649 -77.649 -63.619 -54.605 -48.155 -42.456 -36.567 -29.993 -22.981 -16.677 -11.210 -5.857 0.296 8.467 18.903 30.392 43.925 61.269 78.707 92.530 109.560 131.927 152.703 170.018 185.712 200.329 214.068 228.063 241.586 251.340 257.992 263.944 272.724 283.595 285.040 274.813 258.753 239.950 219.257 195.384 169.222 143.157 117.724 91.115 62.335 33.835 8.270 -13.988 -31.878 -46.411 -57.188 -62.499
-77.664 -78.202 -78.407 -78.276 -77.863 -76.596 -75.492 -76.445 -79.955 -83.756 -82.804 -71.699 -50.419 -24.568 1.423 22.562 36.832 45.205 50.770 57.018 63.641 66.900 62.979 54.181 46.401 36.990 19.296 -4.047 -24.338 -40.875 -56.994 -73.676 -90.560 -106.988 -121.783 -130.812 -124.630 -104.203 -89.840 -88.622 -91.889 -94.598 -95.925 -95.499 -93.541 -91.028 -88.753 -88.140 -89.921 -91.660 -91.040 -86.278 -74.895 -60.789 -52.225 -49.229 -48.202 -47.939 -47.545 -46.332 -45.343 -45.620 -49.632 -64.481 -90.681 -122.380 -152.392 -157.227 -135.478 -106.328 -81.841 -65.064 -54.569 -47.499 -41.500 -35.091 -28.154 -21.820 -16.288 -10.698 -4.142 4.486 15.195 26.301 38.547 52.250 64.654 77.883 99.006 124.878 146.907 164.780 181.140 196.451 210.387 222.787 233.713 244.686 257.547 268.904 277.192 284.463 284.990 276.150 260.553 239.722 215.469 188.619 160.301 132.065 104.624 77.503 49.205 20.639 -4.677 -25.778 -41.781 -54.284 -64.126 -69.271
-84.810 -85.683 -86.027 -85.882 -86.073 -87.152 -90.824 -97.963 -104.610 -102.171 -84.952 -56.332 -26.038 -2.320 15.120 28.199 37.778 45.093 52.503 61.374 69.651 72.588 68.611 63.245 58.401 47.615 27.997 7.236 -9.849 -25.663 -42.420 -60.210 -78.422 -96.278 -112.937 -126.129 -128.380 -114.067 -94.991 -86.359 -86.396 -88.618 -90.117 -89.796 -87.784 -84.816 -81.344 -78.334 -77.869 -79.397 -78.095 -69.710 -54.949 -42.110 -35.900 -33.789 -33.272 -33.944 -35.145 -35.348 -34.692 -35.234 -42.132 -60.188 -83.261 -107.314 -137.008 -158.282 -157.043 -136.781 -108.422 -82.610 -64.507 -53.260 -45.903 -39.683 -33.256 -27.019 -21.330 -15.729 -9.468 -1.343 8.828 19.473 30.567 40.507 48.396 62.058 86.647 114.499 137.079 155.187 171.778 187.347 201.402 212.953 221.211 231.446 249.082 264.012 269.852 273.384 275.473 269.062 252.379 228.703 201.490 172.637 143.250 114.270 86.333 59.307 31.601 3.518 -20.963 -40.007 -53.512 -63.839 -72.422 -77.241
-91.679 -92.513 -93.260 -94.488 -97.998 -105.343 -116.981 -128.442 -128.520 -108.453 -74.160 -39.377 -12.708 3.804 14.287 23.275 32.370 42.217 53.199 64.662 73.930 77.017 74.978 73.255 69.537 57.185 38.322 21.268 6.730 -8.602 -25.729 -44.089 -62.875 -81.267 -98.543 -113.479 -120.443 -114.321 -100.143 -87.710 -82.166 -82.196 -83.384 -83.115 -81.112 -77.599 -72.432 -66.583 -63.689 -64.010 -60.374 -48.328 -32.691 -22.101 -17.399 -15.324 -14.638 -15.701 -18.138 -20.417 -23.567 -31.482 -48.952 -72.677 -89.923 -99.802 -112.360 -127.676 -138.272 -137.541 -123.775 -101.930 -79.791 -62.588 -51.315 -43.929 -37.850 -31.873 -25.964 -20.209 -14.257 -6.845 2.223 11.159 19.585 26.658 32.861 46.144 70.978 99.564 122.956 141.347 157.864 173.259 187.059 198.058 205.387 215.279 233.577 248.651 253.357 255.582 257.833 251.542 233.384 208.033 179.760 150.419 121.002 92.302 64.915 38.753 12.194 -14.874 -37.946 -54.172 -65.204 -74.180 -81.879 -86.272
-97.906 -98.974 -101.424 -107.018 -118.068 -134.270 -149.692 -152.181 -132.901 -98.007 -62.963 -35.313 -14.842 -0.937 8.709 17.290 27.698 40.472 54.104 66.936 76.193 80.094 81.831 83.129 78.574 65.183 49.841 37.088 24.743 10.468 -6.272 -24.151 -42.189 -60.630 -78.576 -94.134 -103.062 -104.191 -99.695 -90.120 -80.325 -76.289 -76.006 -75.371 -73.097 -68.724 -61.602 -53.549 -49.595 -49.120 -42.528 -27.408 -12.953 -4.549 -0.245 2.237 3.466 3.205 1.312 -3.163 -14.074 -33.974 -59.172 -79.718 -88.897 -91.697 -92.602 -91.817 -91.219 -92.933 -98.474 -100.824 -92.809 -76.797 -60.902 -49.726 -42.359 -36.370 -30.391 -24.231 -17.991 -10.912 -3.231 3.129 8.492 14.074 20.237 31.593 52.795 79.882 104.028 122.966 139.417 154.359 167.400 177.396 184.606 194.181 209.482 223.847 230.375 232.010 230.875 223.338 205.694 180.649 152.651 123.833 95.237 67.642 41.615 17.078 -7.521 -32.455 -53.157 -66.706 -75.948 -83.885 -90.576 -94.297
-103.841 -106.732 -114.110 -128.372 -148.698 -166.427 -167.713 -145.196 -110.254 -80.103 -57.784 -39.069 -22.514 -8.835 2.381 12.762 24.939 39.454 54.567 67.889 77.094 83.001 88.566 91.320 85.687 73.566 62.930 54.600 45.665 34.518 19.269 1.722 -16.358 -36.212 -56.174 -71.930 -81.059 -87.135 -91.173 -89.245 -80.748 -72.594 -68.685 -66.644 -63.695 -58.444 -50.531 -42.149 -37.281 -34.708 -26.076 -10.524 2.470 10.104 14.849 17.938 19.734 20.100 17.802 9.187 -9.880 -36.270 -59.834 -73.650 -79.212 -80.650 -73.586 -57.841 -41.772 -32.884 -41.610 -65.250 -85.695 -87.897 -75.068 -59.720 -48.532 -41.126 -35.032 -28.630 -21.715 -14.401 -7.843 -3.612 0.152 5.404 11.201 19.882 35.915 58.973 82.092 100.805 116.552 130.413 142.312 150.902 157.350 166.503 178.580 191.805 200.939 202.115 196.825 187.522 171.582 148.451 121.723 94.202 67.180 41.432 17.483 -4.762 -26.711 -48.514 -66.116 -77.402 -85.148 -91.724 -97.189 -100.227
-111.983 -119.481 -135.911 -160.312 -182.067 -182.793 -154.249 -111.417 -80.113 -66.576 -56.278 -42.901 -29.708 -17.843 -5.291 8.419 22.864 38.358 54.201 67.432 76.792 85.389 94.033 97.327 91.987 84.045 79.562 76.798 72.037 63.796 49.282 30.028 9.046 -12.975 -33.844 -49.615 -59.422 -68.799 -78.141 -84.059 -82.779 -73.716 -64.157 -58.479 -53.976 -48.114 -40.806 -33.016 -25.442 -18.229 -9.634 2.104 13.205 21.933 28.375 32.519 34.573 33.312 25.689 10.066 -10.245 -29.780 -46.072 -57.568 -63.939 -64.253 -48.973 -21.770 -0.133 11.236 8.430 -13.930 -49.397 -77.379 -82.982 -72.125 -58.311 -47.836 -40.465 -34.025 -27.047 -19.512 -13.155 -9.280 -5.331 0.041 4.895 10.730 21.778 39.706 59.921 77.216 91.200 103.036 113.410 121.219 127.344 135.401 143.992 154.985 166.069 167.278 158.718 147.235 133.083 112.932 88.397 62.880 38.085 14.818 -6.460 -25.926 -44.945 -63.282 -77.282 -86.113 -92.165 -97.255 -101.712 -104.378
-126.378 -140.849 -166.282 -192.226 -197.844 -169.808 -122.225 -82.198 -63.564 -59.498 -54.833 -45.715 -36.223 -26.267 -12.561 4.249 20.950 37.206 53.144 66.277 76.449 87.022 97.301 101.950 101.045 100.573 102.570 103.780 99.833 89.982 73.791 52.711 29.617 7.208 -12.669 -29.000 -41.508 -53.779 -65.756 -76.170 -81.806 -75.493 -61.758 -51.387 -45.005 -39.105 -32.473 -24.635 -13.887 -2.804 3.376 9.234 17.783 27.856 37.020 43.081 44.342 36.705 18.269 -1.710 -12.918 -18.192 -26.421 -38.221 -46.004 -41.860 -19.706 10.072 29.511 38.785 41.552 31.859 4.432 -33.280 -62.331 -72.289 -68.053 -58.000 -48.145 -40.406 -33.482 -26.242 -19.619 -14.809 -10.269 -4.893 -0.250 3.755 10.359 22.543 38.353 53.422 65.946 76.014 84.276 90.826 96.479 102.388 107.546 115.703 126.312 128.167 119.021 106.153 92.624 75.351 53.968 31.227 9.207 -11.097 -29.265 -45.609 -61.579 -76.485 -86.669 -92.643 -96.999 -101.169 -105.464 -108.486
-150.213 -168.582 -192.314 -202.208 -180.556 -134.739 -91.926 -65.975 -54.172 -50.577 -49.157 -46.321 -40.691 -30.506 -15.895 1.154 18.094 34.334 49.710 62.988 75.183 88.005 99.434 105.957 112.380 122.093 129.222 129.058 122.073 109.331 91.275 69.566 46.521 24.689 5.000 -12.606 -27.624 -41.893 -55.177 -66.797 -74.917 -72.676 -59.879 -46.818 -38.709 -33.052 -26.846 -18.734 -7.238 4.143 7.984 9.106 13.780 22.075 32.118 40.085 39.411 24.011 -0.906 -16.924 -16.970 -12.084 -12.944 -21.219 -26.038 -12.911 13.814 38.767 54.083 62.539 67.589 65.844 53.229 27.160 -8.387 -41.949 -62.880 -66.575 -58.809 -48.808 -40.463 -33.220 -26.366 -20.423 -15.319 -10.102 -5.041 -1.349 2.310 9.358 19.777 30.758 41.291 50.240 56.307 60.530 64.707 68.123 70.512 75.415 83.268 86.167 78.940 65.855 51.840 36.856 19.541 0.486 -18.292 -35.321 -50.122 -63.090 -75.606 -86.796 -93.446 -96.992 -100.282 -104.633 -110.436 -115.388
-178.148 -189.305 -194.145 -178.321 -140.605 -99.484 -71.449 -55.122 -44.778 -39.500 -40.134 -43.134 -40.400 -29.725 -15.873 -1.606 12.723 27.455 42.384 57.173 72.967 89.415 103.581 113.410 124.539 138.772 148.636 149.271 142.611 128.929 108.804 85.986 62.922 40.939 20.118 1.044 -15.620 -31.428 -45.873 -57.516 -65.656 -67.460 -59.483 -46.282 -36.049 -30.370 -25.350 -17.729 -7.169 2.910 5.978 3.960 4.005 7.155 12.802 19.111 18.001 4.589 -12.519 -20.566 -17.936 -11.674 -7.675 -9.608 -7.318 15.692 44.767 65.609 78.338 84.278 86.137 85.208 81.629 71.293 48.983 13.824 -27.677 -57.928 -66.653 -60.068 -49.536 -40.457 -32.713 -25.799 -19.924 -14.658 -9.509 -5.709 -3.297 0.208 5.626 11.531 18.485 25.658 29.563 31.318 34.073 35.901 36.396 38.216 42.021 43.887 38.600 27.074 13.520 0.225 -13.238 -28.190 -43.425 -57.043 -68.431 -78.046 -86.888 -94.048 -97.650 -99.729 -103.117 -109.625 -119.981 -129.580
-192.126 -185.993 -166.555 -135.977 -102.641 -75.457 -57.413 -45.034 -35.867 -31.010 -32.601 -37.363 -36.330 -27.542 -16.139 -5.012 5.933 18.184 33.461 51.914 72.291 92.080 109.523 124.069 136.254 146.220 154.462 160.575 160.924 149.797 128.664 104.054 78.801 54.849 32.772 12.897 -4.907 -22.345 -38.327 -50.095 -57.288 -60.293 -56.295 -45.634 -34.857 -28.993 -25.048 -18.176 -8.332 1.431 5.514 2.735 -0.611 -3.021 -5.207 -4.866 -2.674 -2.933 -5.489 -7.015 -5.974 -3.031 -0.626 -2.196 3.720 33.261 66.479 86.742 95.778 97.177 95.053 93.402 93.091 90.328 84.054 67.887 30.380 -18.341 -55.862 -68.356 -61.839 -49.967 -39.551 -31.380 -24.774 -19.169 -14.191 -10.526 -8.462 -6.949 -5.185 -3.413 -0.612 3.147 4.746 5.067 6.799 7.577 7.146 6.982 6.259 4.187 -0.633 -9.200 -20.513 -32.146 -42.825 -53.993 -65.525 -75.697 -83.800 -90.297 -95.616 -98.952 -100.263 -102.127 -107.591 -119.109 -136.644 -152.058
-173.506 -153.169 -124.902 -98.835 -76.922 -58.478 -44.291 -34.163 -27.898 -25.655 -26.333 -28.490 -29.464 -25.518 -17.505 -8.538 -0.110 9.573 24.890 46.733 71.494 94.860 115.433 133.380 146.544 153.308 156.772 161.538 165.934 159.895 142.168 117.950 90.222 63.537 40.316 20.324 2.213 -15.816 -31.928 -42.827 -48.556 -50.615 -48.691 -42.885 -35.140 -28.123 -21.434 -13.849 -5.830 2.205 7.442 5.946 0.010 -6.614 -13.559 -17.262 -11.726 -0.252 9.280 13.911 15.540 16.206 15.582 12.548 17.480 45.249 79.519 98.734 103.396 101.233 97.186 95.137 95.230 94.398 96.930 98.885 81.217 38.176 -18.247 -60.628 -72.395 -63.303 -49.319 -38.070 -30.078 -23.945 -19.069 -15.689 -13.906 -13.397 -13.695 -14.674 -15.840 -16.676 -17.704 -17.834 -16.723 -16.999 -18.224 -19.573 -23.105 -28.495 -34.040 -40.449 -49.476 -59.657 -68.529 -76.498 -84.330 -91.070 -96.115 -99.754 -101.870 -102.271 -102.736 -106.455 -116.486 -133.984 -155.752 -172.215
-123.059 -104.276 -86.353 -72.580 -57.843 -42.107 -29.194 -21.930 -20.248 -20.158 -17.733 -16.000 -19.054 -21.588 -18.445 -11.920 -5.525 2.686 17.862 41.083 68.628 95.666 119.353 139.506 155.093 163.722 164.355 161.563 161.127 156.961 143.285 121.535 94.954 67.874 43.677 23.400 5.356 -11.780 -25.589 -34.475 -39.316 -40.870 -40.524 -40.390 -37.875 -28.910 -16.324 -6.551 -0.523 4.586 9.088 8.072 -0.174 -8.864 -15.199 -17.969 -13.154 -0.775 14.488 26.237 31.654 33.481 34.366 34.786 39.863 59.104 85.301 101.073 103.690 100.050 95.573 93.438 92.946 93.796 100.889 109.248 103.968 76.588 25.379 -31.905 -67.697 -74.440 -62.891 -47.706 -36.399 -28.971 -23.891 -20.599 -19.113 -19.210 -20.452 -22.968 -27.004 -31.899 -36.001 -37.184 -36.654 -37.702 -39.759 -41.991 -46.418 -52.868 -59.160 -65.008 -72.425 -81.134 -88.828 -94.739 -99.524 -103.123 -105.467 -106.671 -106.440 -105.737 -107.776 -115.712 -130.523 -149.285 -165.677 -174.351
-68.080 -61.714 -56.676 -50.099 -37.984 -22.084 -8.848 -4.635 -7.497 -8.147 -3.515 -0.464 -5.797 -15.084 -18.467 -16.124 -11.923 -2.979 13.946 37.060 62.900 89.900 115.575 137.660 155.140 166.130 167.880 161.932 155.344 148.892 136.007 115.919 92.727 68.228 44.187 23.463 5.757 -9.263 -19.734 -26.198 -30.381 -32.046 -33.218 -37.455 -39.122 -30.022 -13.551 -0.738 5.360 8.300 9.406 5.607 -3.564 -11.365 -14.747 -14.817 -11.471 -3.190 11.658 28.782 39.286 43.542 46.846 51.572 58.802 70.349 85.045 96.428 98.901 94.968 90.837 89.182 88.481 92.421 103.189 110.185 105.141 85.344 49.133 3.499 -40.130 -68.748 -72.618 -60.043 -45.490 -35.105 -28.750 -25.045 -23.621 -24.248 -26.271 -29.593 -34.902 -42.096 -48.822 -52.178 -52.870 -54.298 -56.810 -59.666 -64.244 -70.611 -77.299 -83.449 -89.672 -96.476 -102.931 -107.695 -110.471 -111.676 -111.930 -111.605 -111.081 -112.311 -118.289 -130.079 -144.737 -155.810 -156.391 -149.308
-31.383 -31.322 -28.656 -22.409 -11.431 4.074 16.145 17.104 11.816 10.399 13.206 13.115 4.483 -9.611 -18.889 -21.480 -18.366 -6.886 11.609 32.456 53.612 77.264 103.170 127.302 146.166 157.814 161.235 157.565 150.199 140.510 125.023 104.504 83.796 62.888 40.946 20.593 3.885 -8.136 -15.379 -19.482 -22.455 -24.046 -26.176 -32.058 -34.997 -28.046 -12.871 2.158 10.357 11.968 8.033 0.216 -7.159 -12.028 -13.536 -12.164 -8.895 -2.787 9.604 27.846 42.629 49.721 54.057 60.247 68.174 74.964 80.965 87.519 89.766 85.974 81.816 80.684 81.884 89.644 101.051 104.038 94.888 75.225 49.849 24.245 -5.991 -40.035 -62.211 -65.517 -56.176 -43.874 -34.668 -29.405 -27.417 -28.119 -30.767 -34.798 -40.556 -48.457 -56.519 -62.085 -64.707 -66.578 -69.253 -72.514 -76.917 -82.738 -89.261 -95.603 -101.212 -106.369 -111.382 -115.245 -117.001 -117.103 -116.860 -117.330 -119.590 -124.777 -133.085 -142.649 -148.956 -145.972 -127.134 -102.332
-8.654 -6.406 0.990 10.191 20.016 30.994 36.443 33.573 28.947 27.476 26.728 21.610 8.969 -8.111 -21.564 -27.949 -24.165 -10.293 7.228 24.573 42.214 62.354 85.991 110.667 131.070 143.493 148.530 147.649 141.181 129.161 110.872 89.659 70.827 53.476 34.589 15.480 0.746 -7.990 -12.507 -14.588 -15.902 -16.443 -17.563 -22.046 -25.496 -23.253 -13.980 -0.298 10.024 11.317 3.302 -5.085 -7.041 -8.665 -10.902 -10.210 -6.795 -0.780 9.794 26.413 43.956 53.905 58.678 64.543 71.196 74.274 74.342 75.933 77.280 73.606 68.962 68.631 73.795 85.012 93.090 89.750 75.346 55.054 37.044 24.554 12.749 -4.641 -28.719 -51.035 -58.921 -53.197 -43.308 -35.418 -31.476 -31.198 -33.684 -38.057 -43.920 -51.629 -60.038 -67.077 -71.585 -74.332 -77.237 -80.659 -84.647 -89.699 -95.583 -101.587 -106.896 -111.279 -115.250 -118.512 -120.487 -121.852 -124.166 -128.330 -134.348 -140.406 -143.969 -143.396 -136.535 -120.290 -89.668 -57.019
3.990 10.983 23.909 36.503 45.232 49.825 49.068 45.440 42.863 41.220 36.952 26.793 9.423 -10.644 -26.046 -32.690 -27.805 -14.725 -0.055 14.672 30.587 48.263 68.121 89.832 109.578 123.308 131.658 133.396 126.648 113.769 96.053 76.097 59.092 44.324 27.607 9.789 -2.595 -8.408 -10.686 -10.920 -10.386 -9.482 -8.496 -9.421 -13.011 -16.559 -16.382 -11.858 -4.840 -1.087 -5.619 -8.513 -4.637 -3.507 -7.158 -8.415 -5.185 1.765 12.354 27.385 44.730 55.229 59.802 64.872 69.870 70.280 66.930 64.750 63.937 59.192 54.311 56.162 64.658 74.979 76.570 66.378 49.391 32.453 20.766 14.629 14.871 17.367 6.599 -18.935 -41.630 -52.557 -52.154 -44.955 -38.072 -35.192 -36.152 -39.897 -45.427 -52.486 -60.561 -68.132 -73.881 -77.747 -80.985 -84.217 -87.691 -92.050 -97.220 -102.664 -107.816 -112.280 -116.261 -120.246 -124.820 -130.689 -137.967 -145.221 -149.732 -148.187 -139.919 -127.323 -110.471 -87.148 -55.053 -26.745
9.807 21.066 38.506 53.494 61.325 62.368 60.432 58.166 56.012 52.777 45.341 31.113 9.303 -13.827 -29.269 -33.252 -27.807 -19.206 -8.700 4.209 18.953 34.932 51.608 68.713 84.691 98.105 109.205 113.082 106.519 96.012 83.122 65.806 49.817 36.557 21.559 5.339 -5.112 -8.948 -9.516 -7.940 -5.094 -2.320 0.340 2.679 -0.485 -9.721 -20.314 -30.949 -34.368 -26.720 -17.657 -9.667 -2.292 0.883 -2.524 -5.775 -3.341 4.206 14.731 28.207 43.794 53.705 58.096 62.614 66.349 64.552 58.921 54.016 50.188 43.713 40.074 45.940 54.819 57.559 50.026 35.985 21.980 11.380 4.792 2.814 10.390 24.588 26.614 11.290 -11.052 -35.087 -52.159 -54.466 -48.222 -42.581 -40.659 -42.344 -46.460 -52.197 -59.271 -66.518 -72.649 -77.290 -80.952 -83.983 -86.947 -90.714 -95.331 -100.448 -105.869 -111.508 -117.586 -125.037 -135.012 -146.689 -156.413 -159.403 -152.352 -136.090 -116.078 -97.856 -79.797 -56.109 -27.190 -7.262
15.131 28.162 47.510 63.383 72.175 74.608 73.843 71.610 68.030 62.378 51.915 34.084 8.973 -15.803 -31.124 -33.149 -27.256 -22.407 -16.013 -5.740 7.156 21.474 35.940 49.725 62.126 73.047 82.222 84.779 79.446 74.431 68.544 55.974 41.565 29.393 16.463 2.401 -6.730 -9.394 -8.439 -4.609 2.380 9.152 12.016 12.742 6.842 -8.879 -28.709 -49.115 -60.230 -53.447 -33.680 -13.102 -0.277 5.738 3.674 -1.302 -0.315 6.490 15.242 25.885 39.159 49.473 54.766 59.150 61.939 57.978 50.002 42.291 35.133 27.561 26.260 34.334 38.093 30.336 16.778 4.635 -3.628 -8.602 -10.796 -7.151 6.779 23.849 29.249 22.153 9.278 -11.625 -37.244 -52.850 -55.168 -52.051 -49.252 -48.729 -50.302 -53.538 -58.468 -64.321 -69.841 -74.456 -78.307 -81.380 -84.115 -87.555 -92.129 -97.809 -104.730 -113.264 -123.814 -136.755 -151.510 -163.869 -167.158 -156.335 -131.949 -103.464 -81.242 -67.193 -53.214 -31.449 -8.309 3.492
20.387 32.739 51.133 68.563 81.927 88.182 87.770 83.974 78.284 69.882 55.750 33.794 6.275 -18.582 -33.399 -34.335 -27.388 -21.937 -17.637 -12.291 -3.814 7.727 20.062 31.762 42.144 50.458 55.015 53.057 48.132 47.925 48.855 43.651 32.438 21.530 11.230 -0.186 -8.360 -10.121 -7.031 0.178 12.251 22.192 20.906 14.070 3.658 -14.611 -36.321 -56.531 -68.586 -66.360 -47.671 -21.680 -1.691 9.551 9.945 4.694 3.749 8.033 14.071 21.209 31.778 43.256 50.147 54.351 56.048 50.451 40.578 30.024 19.762 12.086 11.640 15.700 10.305 -4.058 -16.471 -23.260 -26.616 -27.622 -25.135 -13.785 5.843 19.427 20.552 16.247 13.080 4.600 -14.475 -34.086 -45.965 -52.686 -57.161 -59.797 -60.902 -61.483 -63.105 -66.134 -69.680 -73.108 -76.406 -79.458 -82.453 -86.261 -91.626 -98.947 -108.616 -121.070 -136.049 -151.719 -163.830 -165.656 -153.299 -127.453 -92.882 -64.765 -51.679 -45.669 -33.237 -12.103 3.682 8.350
21.188 32.646 51.071 73.474 92.955 101.388 99.979 94.267 86.138 74.287 55.942 30.802 2.230 -23.070 -37.464 -35.893 -26.235 -17.511 -12.597 -12.180 -11.060 -5.179 3.805 13.448 22.425 29.087 30.846 26.073 20.359 21.028 25.661 26.150 17.963 9.171 2.542 -5.409 -12.091 -12.355 -5.966 4.535 17.508 25.459 18.619 5.380 -5.132 -16.986 -32.887 -50.522 -62.486 -62.748 -50.182 -31.374 -10.894 7.199 13.508 10.672 7.743 8.524 12.084 16.908 25.737 37.759 45.523 49.356 49.502 42.376 31.177 18.603 6.282 -1.854 -5.195 -10.092 -23.187 -37.677 -45.583 -47.883 -47.620 -44.320 -34.929 -16.473 3.818 11.990 8.480 4.614 8.136 10.063 2.419 -9.269 -20.612 -35.011 -51.891 -66.082 -74.581 -77.566 -78.132 -78.263 -78.507 -79.278 -80.872 -83.261 -86.429 -90.846 -97.166 -105.732 -116.510 -129.425 -143.041 -152.675 -152.310 -137.518 -110.776 -80.772 -53.232 -38.569 -35.948 -31.604 -16.750 1.368 9.648 10.099
17.131 29.749 52.165 81.413 105.036 112.921 109.671 101.882 90.541 74.675 53.381 27.246 -2.393 -29.793 -44.030 -38.443 -23.899 -11.623 -5.753 -6.766 -11.510 -14.125 -11.594 -5.317 1.962 7.101 7.793 3.486 -1.507 -0.572 5.028 6.567 -1.043 -8.258 -11.820 -16.551 -21.198 -18.862 -8.526 3.692 13.585 17.765 10.357 -0.908 -6.823 -11.118 -20.406 -35.515 -48.491 -50.646 -43.372 -36.567 -25.616 -6.295 7.778 12.213 10.961 9.186 10.169 13.444 21.443 33.353 41.293 44.774 43.199 34.517 22.278 8.393 -5.664 -17.507 -28.383 -40.381 -54.732 -66.184 -70.823 -70.394 -66.458 -55.838 -35.949 -13.523 0.766 3.290 -2.077 -6.103 0.243 8.315 9.324 7.637 4.563 -7.389 -29.061 -53.683 -75.146 -89.339 -96.753 -98.392 -96.939 -95.271 -94.491 -94.982 -96.487 -99.243 -103.922 -110.129 -116.055 -120.619 -122.912 -118.608 -106.034 -86.012 -61.112 -40.859 -30.355 -29.851 -29.488 -18.861 -1.579 9.173 9.840 7.780
14.059 28.364 54.715 88.533 114.145 121.241 116.260 105.518 90.264 71.864 50.220 23.326 -9.000 -37.878 -50.282 -41.437 -22.970 -8.000 -2.291 -2.241 -6.991 -15.947 -22.818 -23.088 -18.851 -15.720 -15.779 -18.038 -20.368 -17.437 -10.455 -8.577 -16.261 -23.555 -26.998 -30.629 -33.580 -28.513 -15.486 -1.782 8.298 11.680 5.718 -0.162 -0.740 -0.570 -4.526 -14.976 -28.236 -34.201 -31.560 -33.128 -34.831 -24.765 -9.208 4.357 10.616 9.820 8.354 9.660 16.799 28.414 36.139 38.947 36.177 26.931 13.955 -1.349 -18.066 -36.213 -54.961 -68.877 -80.686 -89.937 -93.107 -90.545 -81.962 -62.077 -33.178 -12.208 -5.116 -5.637 -10.683 -14.924 -8.137 3.789 10.806 16.845 21.877 16.122 -1.967 -26.804 -53.668 -78.779 -99.438 -109.798 -110.598 -107.948 -104.693 -101.693 -98.378 -94.998 -92.277 -89.953 -86.275 -80.215 -72.686 -61.831 -51.148 -42.256 -33.307 -27.098 -26.801 -28.942 -22.079 -4.902 8.129 9.062 4.420 1.164
13.107 27.933 55.038 89.962 117.297 125.058 118.494 103.974 86.149 68.281 47.328 18.455 -16.509 -44.591 -54.289 -43.877 -23.974 -7.196 -1.250 -1.094 -3.680 -12.802 -26.577 -35.900 -37.305 -37.070 -37.821 -38.136 -37.660 -31.995 -22.523 -18.909 -25.708 -32.719 -35.671 -37.881 -39.468 -33.575 -20.354 -5.210 7.082 10.279 4.545 3.400 7.650 10.889 10.970 6.017 -4.949 -14.313 -16.368 -22.564 -32.200 -33.288 -25.293 -11.352 0.334 3.809 2.510 2.067 8.280 20.290 28.019 29.921 26.994 18.758 5.469 -11.877 -32.235 -54.924 -76.396 -90.079 -101.017 -109.855 -112.066 -106.325 -90.922 -63.690 -33.845 -17.760 -14.081 -14.244 -17.658 -21.393 -15.246 -2.296 10.306 24.972 35.211 31.091 15.592 -4.392 -26.043 -51.506 -80.718 -100.528 -103.767 -98.592 -91.472 -83.559 -74.130 -63.546 -52.384 -42.021 -34.109 -29.026 -27.472 -27.563 -29.969 -31.653 -33.382 -35.532 -35.662 -28.862 -10.577 7.513 9.439 1.602 -4.103 -5.968
11.812 26.644 53.265 87.454 115.012 122.732 114.865 98.437 81.155 65.111 44.184 13.986 -21.316 -47.803 -55.431 -43.854 -24.042 -6.466 0.990 0.157 -3.639 -11.273 -25.142 -39.566 -47.761 -52.979 -55.681 -54.786 -51.911 -43.422 -30.987 -24.716 -29.758 -35.550 -36.583 -36.994 -38.604 -34.049 -21.533 -5.255 8.437 11.532 6.540 8.929 16.577 22.018 24.660 23.826 17.109 7.952 1.518 -9.127 -22.163 -29.157 -29.550 -23.568 -16.820 -13.752 -15.082 -17.988 -12.881 1.556 10.531 12.182 12.030 8.128 -3.544 -22.418 -45.628 -69.415 -90.090 -104.416 -116.687 -125.651 -125.539 -113.189 -88.658 -58.805 -36.068 -26.161 -23.200 -21.645 -23.001 -25.935 -22.424 -12.081 7.448 33.596 46.674 40.109 24.180 7.045 -8.963 -28.164 -54.595 -77.293 -82.799 -75.240 -64.058 -51.976 -38.978 -25.743 -13.339 -4.392 -1.826 -5.428 -14.238 -26.400 -36.823 -40.718 -44.831 -49.134 -43.803 -23.877 2.021 13.150 3.552 -8.055 -11.870 -11.721
6.548 21.826 47.722 79.184 105.451 113.817 106.845 91.633 76.166 61.345 40.629 11.046 -22.939 -48.122 -53.875 -40.669 -22.133 -5.934 2.944 2.852 -3.564 -13.402 -25.795 -38.868 -50.034 -60.009 -64.833 -63.179 -58.197 -46.909 -30.931 -20.236 -22.293 -28.699 -31.394 -33.671 -37.244 -33.995 -21.797 -4.784 10.464 14.855 11.351 15.843 25.424 32.465 36.910 39.053 37.507 32.290 22.970 6.901 -8.826 -18.848 -24.743 -26.646 -29.116 -33.248 -39.640 -47.778 -45.786 -29.878 -19.656 -16.230 -8.280 -2.937 -10.500 -29.881 -54.966 -79.321 -99.661 -114.932 -128.102 -135.413 -128.842 -106.903 -78.139 -54.014 -40.236 -34.300 -30.822 -27.394 -26.741 -28.909 -28.676 -22.024 3.551 39.507 54.410 45.714 29.124 12.863 -0.824 -14.068 -31.623 -51.198 -61.327 -57.245 -45.753 -32.665 -19.794 -8.097 0.824 4.509 1.988 -5.391 -17.681 -32.889 -42.567 -45.276 -49.428 -50.187 -34.417 -6.664 13.468 10.933 -6.939 -18.843 -20.995 -20.161
-10.281 5.982 31.773 61.175 88.627 101.793 98.003 84.321 70.181 56.710 37.349 9.396 -22.974 -46.883 -50.310 -35.030 -18.750 -6.179 2.277 4.058 -2.332 -15.610 -30.796 -43.817 -54.491 -63.527 -67.207 -64.222 -57.142 -42.834 -22.591 -6.288 -4.874 -13.720 -21.660 -29.339 -36.249 -33.875 -21.988 -4.858 12.177 18.626 16.282 21.754 32.974 41.697 47.698 52.080 54.667 54.374 46.500 28.393 9.774 -4.538 -15.882 -23.956 -33.352 -44.373 -56.348 -68.822 -70.613 -57.761 -48.742 -41.417 -23.137 -9.137 -13.885 -33.776 -60.110 -85.836 -107.525 -123.377 -134.507 -135.397 -118.831 -91.797 -69.186 -54.838 -46.322 -41.129 -36.493 -31.371 -28.857 -29.661 -29.551 -21.152 9.354 45.413 57.675 48.334 32.171 16.533 3.825 -5.935 -15.232 -27.538 -40.277 -44.330 -37.722 -26.290 -14.942 -5.879 -0.453 0.475 -2.545 -9.271 -20.857 -33.980 -40.736 -42.288 -43.351 -34.577 -9.808 13.010 16.763 0.969 -21.282 -33.668 -36.879 -37.341
-36.587 -19.308 8.054 39.784 71.237 89.536 88.780 76.528 64.144 52.422 34.572 8.253 -22.350 -44.449 -44.121 -24.604 -10.469 -4.643 0.059 2.065 -2.811 -16.493 -34.859 -51.366 -63.866 -71.914 -73.566 -68.564 -58.832 -40.541 -15.729 3.184 5.446 -2.281 -10.938 -23.081 -34.060 -32.943 -21.355 -4.548 13.203 20.831 17.845 22.817 37.033 48.929 56.624 62.655 67.679 70.804 66.897 51.824 33.030 15.179 -2.114 -17.450 -33.264 -49.479 -65.454 -78.101 -77.042 -65.313 -59.352 -50.630 -28.410 -12.739 -16.654 -35.620 -61.798 -89.274 -114.116 -130.054 -133.569 -123.401 -101.448 -79.754 -67.052 -58.717 -51.612 -45.873 -40.144 -33.834 -29.820 -28.683 -25.862 -10.261 26.020 54.875 58.955 48.350 33.263 18.574 6.648 -1.599 -6.458 -11.398 -20.377 -29.144 -30.206 -23.333 -14.160 -7.339 -3.916 -3.358 -5.736 -12.104 -22.191 -31.788 -35.899 -34.944 -28.516 -10.689 11.782 20.632 11.779 -9.187 -33.570 -49.465 -56.614 -59.538
-54.650 -36.813 -8.532 25.329 59.142 79.662 80.723 69.960 59.126 48.554 31.681 6.875 -21.536 -41.446 -37.425 -12.891 0.516 -1.331 -2.219 -1.814 -6.489 -18.999 -37.237 -56.114 -71.796 -81.378 -82.950 -76.503 -63.870 -40.707 -10.912 7.722 7.584 3.093 -2.317 -16.439 -30.859 -31.189 -19.873 -3.743 13.269 20.126 14.379 18.475 37.527 53.905 63.369 70.674 77.249 82.090 80.700 69.121 53.282 37.065 17.096 -5.958 -29.701 -51.673 -70.019 -74.940 -59.524 -44.018 -43.645 -41.209 -26.230 -15.671 -18.907 -34.971 -59.517 -87.613 -113.715 -126.309 -119.394 -102.632 -86.090 -74.628 -68.237 -61.772 -54.647 -48.284 -41.848 -35.418 -31.062 -28.711 -23.624 -1.069 39.263 62.121 59.473 46.745 32.056 18.667 8.006 0.700 -2.774 -4.049 -7.397 -14.069 -19.734 -19.483 -14.227 -8.895 -5.761 -4.825 -7.096 -13.227 -21.162 -27.404 -28.153 -21.273 -7.148 10.338 20.312 17.400 5.596 -14.210 -39.286 -59.099 -70.028 -74.648
-62.332 -44.677 -16.868 16.787 50.553 71.531 73.753 64.287 54.348 44.351 28.346 5.236 -20.592 -38.520 -33.259 -7.076 7.240 3.089 -1.902 -5.001 -11.741 -24.747 -42.744 -61.785 -77.609 -87.488 -89.598 -82.445 -67.035 -39.069 -4.220 14.894 12.285 9.416 6.002 -10.687 -27.975 -29.098 -17.915 -2.394 13.219 17.942 10.107 15.015 37.622 56.901 67.717 76.002 83.676 89.302 88.742 79.050 65.931 53.171 34.514 7.885 -21.179 -47.403 -65.755 -58.197 -25.443 -8.053 -15.816 -22.024 -16.198 -11.699 -15.448 -29.181 -51.228 -77.243 -99.714 -106.182 -94.867 -81.619 -74.151 -69.820 -66.846 -61.715 -54.802 -48.013 -40.948 -34.908 -31.450 -29.180 -20.956 9.341 49.134 65.784 59.105 43.656 27.665 15.953 7.727 1.818 -1.046 -1.560 -2.228 -4.942 -9.719 -13.368 -12.575 -8.961 -5.847 -4.816 -6.940 -11.829 -16.970 -19.730 -15.957 -3.663 10.569 18.740 17.922 11.754 2.145 -14.830 -39.289 -62.228 -76.344 -81.845
-66.126 -49.485 -22.885 9.640 42.243 62.370 64.940 57.303 48.690 39.335 24.787 4.063 -19.032 -35.445 -30.836 -5.735 11.334 11.562 4.682 -4.898 -16.352 -31.609 -50.765 -69.958 -84.700 -93.291 -94.977 -87.098 -68.261 -35.475 3.086 22.650 19.319 18.091 14.179 -7.892 -27.086 -27.169 -15.725 -0.678 13.711 17.336 9.776 14.396 36.026 56.680 69.341 78.571 87.009 93.020 92.802 84.365 72.520 60.787 43.111 17.008 -11.717 -37.970 -55.020 -42.196 -5.041 8.328 -5.297 -12.139 -5.206 -1.913 -6.896 -18.793 -37.208 -60.593 -81.046 -86.896 -77.979 -69.038 -64.408 -61.373 -59.948 -56.833 -51.023 -44.177 -36.531 -30.435 -27.578 -24.266 -9.355 27.702 60.549 67.987 57.680 39.263 20.864 10.779 5.854 2.011 -0.052 -0.591 -0.932 -1.723 -3.665 -6.438 -7.640 -6.355 -4.513 -3.936 -5.443 -8.460 -10.985 -10.395 -3.562 8.004 15.901 16.399 12.705 8.143 1.143 -12.892 -35.962 -61.822 -79.079 -85.423
-68.011 -52.939 -28.076 2.841 33.582 51.561 53.534 48.547 42.185 33.777 21.250 3.650 -16.416 -31.331 -27.751 -5.263 12.930 18.533 13.104 -1.984 -19.182 -37.391 -58.057 -77.884 -92.192 -99.552 -100.856 -92.574 -69.960 -32.860 8.018 28.757 27.727 28.390 20.089 -9.026 -27.986 -25.348 -13.437 1.096 15.008 19.929 14.028 14.866 31.605 53.270 68.383 78.505 87.436 93.780 94.038 86.857 75.681 62.765 43.894 18.615 -8.790 -34.360 -50.444 -38.179 -4.464 4.491 -10.855 -14.663 -3.131 2.066 -2.337 -10.755 -24.574 -46.657 -68.292 -77.135 -71.650 -64.033 -58.452 -53.503 -50.786 -48.772 -44.373 -37.918 -30.518 -24.914 -21.712 -13.879 8.585 44.702 67.475 67.696 54.943 34.817 15.117 5.775 3.286 1.536 0.325 -0.141 -0.471 -0.801 -1.222 -1.992 -2.669 -2.642 -2.355 -2.309 -2.935 -4.482 -5.784 -4.161 2.160 9.773 13.029 11.892 9.211 6.225 0.965 -10.921 -32.940 -60.521 -79.656 -86.635
-69.048 -55.440 -32.416 -3.408 25.306 41.562 43.403 40.579 36.100 28.739 18.113 3.624 -13.266 -26.330 -23.431 -4.605 11.672 19.551 17.654 2.531 -18.677 -40.710 -63.227 -83.641 -97.588 -103.739 -104.153 -95.029 -69.829 -30.264 12.490 37.236 41.562 42.551 27.689 -7.135 -26.347 -22.755 -11.092 2.727 16.532 23.753 19.230 14.932 26.895 48.838 65.388 76.035 85.118 91.574 92.533 87.468 77.616 62.485 41.100 16.071 -10.651 -36.057 -51.934 -41.363 -12.043 -6.312 -20.923 -23.595 -11.051 -2.557 -3.364 -7.204 -16.369 -36.573 -59.557 -71.932 -69.756 -62.072 -55.113 -48.782 -44.567 -42.475 -38.721 -32.723 -26.040 -21.258 -17.351 -3.251 26.065 55.755 68.593 64.613 49.819 28.720 10.505 2.658 1.263 0.780 0.270 0.004 -0.159 -0.326 -0.418 -0.440 -0.461 -0.537 -0.695 -0.718 -0.870 -1.659 -2.423 -1.522 2.214 6.942 9.302 9.043 7.286 5.026 1.192 -8.934 -29.803 -57.550 -77.557 -85.160
-69.250 -56.916 -35.750 -8.869 17.809 33.123 35.542 34.069 30.743 24.384 15.293 3.267 -10.974 -22.381 -20.297 -5.016 8.962 17.407 19.558 9.338 -12.712 -39.523 -65.361 -86.724 -100.153 -105.051 -103.986 -93.136 -65.778 -24.157 21.387 51.878 59.831 57.298 38.041 1.947 -19.811 -18.991 -8.724 4.091 17.245 25.164 20.099 11.103 19.400 41.107 59.390 71.211 80.216 86.372 88.237 86.125 78.481 61.561 37.959 13.057 -12.761 -37.400 -52.616 -43.903 -20.833 -19.188 -32.010 -34.694 -23.263 -9.842 -4.305 -3.556 -9.330 -26.966 -50.616 -67.051 -68.687 -60.344 -51.763 -45.120 -40.597 -38.159 -34.489 -29.024 -23.426 -19.068 -13.085 5.130 35.891 59.321 66.013 59.683 42.709 20.756 5.940 1.010 0.306 0.234 0.106 0.015 -0.030 -0.085 -0.120 -0.089 -0.032 -0.038 -0.091 -0.069 -0.153 -0.557 -0.916 -0.631 1.143 4.329 6.896 7.536 6.425 4.897 2.536 -5.498 -23.772 -49.962 -71.311 -80.601
-67.975 -57.042 -37.928 -13.374 11.142 25.592 28.616 28.164 25.797 20.417 12.679 2.690 -9.308 -19.577 -19.621 -8.287 4.706 13.897 18.593 14.114 -4.045 -32.641 -62.642 -86.456 -100.064 -104.675 -102.844 -89.431 -58.622 -13.271 35.786 68.784 74.980 68.148 48.673 14.791 -10.659 -14.680 -6.472 5.100 16.973 24.272 18.637 6.525 9.689 28.883 49.616 64.074 73.368 79.250 82.002 81.840 75.652 58.395 34.448 10.388 -14.066 -36.722 -48.095 -39.417 -25.457 -29.249 -40.269 -42.288 -31.167 -14.019 -3.251 0.931 -3.367 -18.484 -40.092 -58.253 -63.487 -56.300 -47.422 -40.934 -36.499 -33.811 -30.272 -25.549 -21.218 -16.043 -4.636 16.341 41.362 57.690 61.147 53.719 36.025 14.959 3.187 0.337 0.045 0.036 0.019 0.004 -0.003 -0.012 -0.020 -0.013 -0.000 0.002 -0.003 0.000 -0.060 -0.252 -0.448 -0.407 0.427 2.653 5.324 6.636 6.295 5.847 5.028 -0.848 -15.324 -38.278 -61.351 -73.332
-64.821 -55.702 -38.924 -16.749 5.613 19.130 22.565 22.926 21.374 16.764 10.194 2.187 -7.599 -16.998 -20.097 -13.136 -0.233 9.954 15.177 13.955 1.640 -22.847 -53.985 -81.744 -97.535 -103.287 -101.572 -85.254 -50.273 -0.750 49.588 79.804 82.675 74.423 55.542 23.191 -4.175 -11.199 -4.660 5.542 15.742 22.105 17.352 4.997 3.518 17.347 37.755 55.073 65.869 72.020 75.251 75.561 69.750 53.113 30.471 8.265 -14.529 -34.479 -39.482 -29.146 -25.812 -35.565 -45.021 -45.668 -33.926 -15.336 -2.568 3.081 -0.086 -11.548 -27.370 -43.941 -53.999 -51.462 -43.369 -36.596 -31.999 -29.060 -25.892 -21.963 -18.224 -11.528 3.837 24.585 43.069 53.928 55.235 46.325 28.476 10.569 1.931 0.152 0.007 0.003 0.001 0.000 -0.000 -0.001 -0.001 -0.001 0.000 0.000 0.000 -0.002 -0.028 -0.119 -0.251 -0.283 0.173 1.852 4.416 6.114 6.560 7.229 7.591 3.340 -7.472 -26.680 -50.639 -64.838
-61.372 -53.945 -39.095 -18.651 2.195 15.020 18.662 19.491 18.386 14.143 8.309 1.815 -6.277 -14.881 -19.700 -15.398 -2.890 7.495 12.434 12.097 3.253 -15.856 -44.769 -75.684 -94.418 -101.271 -99.500 -81.368 -43.600 8.154 56.955 83.367 84.650 76.605 57.821 25.947 -1.482 -9.269 -3.604 5.545 14.271 19.757 16.235 5.151 1.644 10.618 28.279 47.425 60.270 66.975 70.338 70.583 64.803 48.852 27.615 6.966 -14.630 -32.882 -34.303 -23.262 -25.930 -38.778 -47.248 -46.943 -34.716 -15.749 -2.585 3.425 1.170 -7.258 -17.236 -30.730 -45.735 -48.841 -41.304 -33.624 -28.579 -25.367 -22.636 -19.349 -15.768 -8.360 7.595 26.586 41.850 50.519 50.545 39.606 20.968 6.492 1.030 0.073 0.002 0.000 0.000 0.000 -0.000 -0.000 -0.000 -0.000 0.000 0.000 -0.000 -0.001 -0.010 -0.053 -0.138 -0.177 0.182 1.642 4.042 5.887 6.875 8.195 9.036 5.845 -2.088 -18.425 -43.110 -59.003

# Top 10 maximum values:
# Index_r, Index_theta, r_value, theta_value, z_value
15, 101, 3.100000, 5.314528, 273.383717
12, 102, 2.500000, 5.366887, 273.941773
13, 103, 2.700000, 5.419247, 274.813267
15, 102, 3.100000, 5.366887, 275.473162
14, 103, 2.900000, 5.419247, 276.149551
14, 100, 2.900000, 5.262168, 277.191841
13, 101, 2.700000, 5.314528, 283.594987
14, 101, 2.900000, 5.314528, 284.462865
14, 102, 2.900000, 5.366887, 284.990039
13, 102, 2.700000, 5.366887, 285.040189

# Analysis of potential symmetric artifacts:
# Found 2 local maxima
# Local maxima (r, theta, z_value, angle_degrees):
2.9000, 5.3145, 284.462865, 304.50°
5.1000, 1.3875, 164.354631, 79.50°

# Potential symmetric pairs (difference close to π):
# No symmetric pairs found
