# Z-Grid Data for Iteration 1
# Shape: (50, 120)
# Min value: -193.48319264594497
# Max value: 185.05396484954878
# Average value: -6.392191104187271

# Radial edges (r_edges):
0.000
0.200
0.400
0.600
0.800
1.000
1.200
1.400
1.600
1.800
2.000
2.200
2.400
2.600
2.800
3.000
3.200
3.400
3.600
3.800
4.000
4.200
4.400
4.600
4.800
5.000
5.200
5.400
5.600
5.800
6.000
6.200
6.400
6.600
6.800
7.000
7.200
7.400
7.600
7.800
8.000
8.200
8.400
8.600
8.800
9.000
9.200
9.400
9.600
9.800
10.000

# Angular edges (theta_edges):
0.000
0.052
0.105
0.157
0.209
0.262
0.314
0.367
0.419
0.471
0.524
0.576
0.628
0.681
0.733
0.785
0.838
0.890
0.942
0.995
1.047
1.100
1.152
1.204
1.257
1.309
1.361
1.414
1.466
1.518
1.571
1.623
1.676
1.728
1.780
1.833
1.885
1.937
1.990
2.042
2.094
2.147
2.199
2.251
2.304
2.356
2.409
2.461
2.513
2.566
2.618
2.670
2.723
2.775
2.827
2.880
2.932
2.985
3.037
3.089
3.142
3.194
3.246
3.299
3.351
3.403
3.456
3.508
3.560
3.613
3.665
3.718
3.770
3.822
3.875
3.927
3.979
4.032
4.084
4.136
4.189
4.241
4.294
4.346
4.398
4.451
4.503
4.555
4.608
4.660
4.712
4.765
4.817
4.869
4.922
4.974
5.027
5.079
5.131
5.184
5.236
5.288
5.341
5.393
5.445
5.498
5.550
5.603
5.655
5.707
5.760
5.812
5.864
5.917
5.969
6.021
6.074
6.126
6.178
6.231
6.283

# Z-Grid matrix (rows = radii, columns = angles):
-45.816 -45.744 -45.858 -46.161 -46.221 -45.990 -45.665 -45.330 -45.038 -44.781 -44.451 -44.040 -43.597 -43.137 -42.663 -42.176 -41.679 -41.176 -40.668 -40.147 -39.616 -39.080 -38.543 -37.999 -37.450 -36.899 -36.348 -35.799 -35.254 -34.723 -34.237 -33.792 -33.321 -32.820 -32.318 -31.828 -31.351 -30.889 -30.444 -30.017 -29.630 -29.392 -29.484 -29.779 -29.998 -30.635 -31.786 -32.400 -32.375 -32.202 -32.041 -31.907 -31.806 -31.741 -31.707 -31.707 -31.740 -31.805 -31.904 -32.036 -32.200 -32.397 -32.626 -32.886 -33.178 -33.499 -33.850 -34.227 -34.615 -34.926 -35.007 -34.965 -35.170 -35.625 -36.146 -36.559 -36.499 -36.045 -36.008 -36.467 -37.061 -37.671 -38.285 -38.899 -39.512 -40.122 -40.727 -41.325 -41.915 -42.494 -43.061 -43.614 -44.152 -44.673 -45.176 -45.659 -46.105 -46.352 -45.904 -44.862 -44.269 -43.994 -43.556 -43.315 -43.401 -43.604 -43.805 -43.978 -44.106 -44.140 -44.092 -44.067 -44.079 -44.089 -44.201 -44.772 -45.721 -46.237 -46.250 -46.165
-48.056 -47.947 -48.197 -48.833 -49.059 -48.736 -48.225 -47.751 -47.526 -47.475 -47.157 -46.543 -45.836 -45.100 -44.343 -43.567 -42.787 -42.047 -41.341 -40.579 -39.758 -38.951 -38.172 -37.358 -36.496 -35.615 -34.731 -33.847 -32.969 -32.140 -31.482 -30.971 -30.331 -29.537 -28.708 -27.887 -27.089 -26.318 -25.572 -24.860 -24.257 -24.030 -24.309 -24.594 -24.516 -24.468 -24.648 -24.608 -24.304 -23.957 -23.618 -23.300 -23.062 -22.908 -22.816 -22.783 -22.808 -22.892 -23.033 -23.231 -23.487 -23.800 -24.170 -24.595 -25.075 -25.609 -26.195 -26.826 -27.443 -27.818 -27.765 -27.678 -28.084 -28.877 -29.780 -30.659 -31.338 -31.850 -32.568 -33.526 -34.553 -35.592 -36.635 -37.678 -38.717 -39.749 -40.770 -41.777 -42.768 -43.738 -44.685 -45.606 -46.498 -47.359 -48.187 -48.978 -49.720 -50.337 -50.605 -50.551 -50.541 -50.264 -49.460 -48.761 -48.608 -48.812 -49.099 -49.352 -49.488 -49.309 -48.858 -48.583 -48.528 -48.502 -48.490 -48.640 -48.917 -48.980 -48.815 -48.651
-49.716 -49.466 -49.565 -50.185 -50.469 -50.059 -49.371 -48.934 -49.082 -49.355 -48.989 -48.094 -47.063 -46.006 -44.905 -43.766 -42.669 -41.808 -41.166 -40.324 -39.240 -38.268 -37.512 -36.632 -35.480 -34.194 -32.878 -31.557 -30.243 -29.004 -28.044 -27.319 -26.375 -25.154 -23.809 -22.422 -21.114 -19.901 -18.738 -17.636 -16.770 -16.563 -16.836 -16.599 -15.846 -15.078 -14.411 -13.744 -13.068 -12.419 -11.702 -10.936 -10.363 -9.991 -9.724 -9.579 -9.556 -9.635 -9.810 -10.081 -10.446 -10.905 -11.458 -12.106 -12.851 -13.694 -14.631 -15.646 -16.599 -17.095 -17.085 -17.388 -18.374 -19.721 -21.177 -22.671 -24.161 -25.648 -27.200 -28.817 -30.462 -32.117 -33.775 -35.429 -37.074 -38.703 -40.312 -41.895 -43.446 -44.960 -46.434 -47.862 -49.240 -50.564 -51.826 -53.011 -54.083 -55.034 -55.893 -56.614 -57.010 -56.828 -56.101 -55.134 -54.507 -54.515 -54.848 -55.185 -55.334 -54.951 -54.110 -53.570 -53.409 -53.302 -53.096 -52.632 -51.942 -51.360 -50.946 -50.674
-47.312 -46.770 -46.449 -46.722 -46.864 -46.341 -45.663 -45.975 -47.372 -48.053 -47.416 -46.256 -45.175 -44.230 -43.085 -41.736 -40.471 -39.687 -39.373 -38.738 -37.614 -36.764 -36.574 -36.266 -35.234 -33.716 -32.054 -30.366 -28.674 -27.024 -25.541 -24.201 -22.724 -21.012 -18.965 -16.678 -14.668 -12.991 -11.439 -10.021 -8.965 -8.589 -8.483 -7.692 -6.420 -5.183 -4.011 -2.757 -1.442 -0.288 0.858 2.093 3.119 3.983 4.727 5.180 5.374 5.379 5.220 4.918 4.481 3.909 3.202 2.342 1.271 -0.037 -1.568 -3.268 -4.771 -5.619 -5.994 -6.921 -8.560 -10.476 -12.488 -14.565 -16.694 -18.864 -21.068 -23.300 -25.561 -27.842 -30.118 -32.380 -34.623 -36.839 -39.020 -41.159 -43.250 -45.284 -47.255 -49.157 -50.981 -52.711 -54.310 -55.732 -56.877 -57.771 -58.756 -59.792 -60.475 -60.684 -60.591 -59.923 -58.943 -58.593 -58.854 -59.222 -59.392 -58.981 -58.042 -57.292 -56.833 -56.487 -55.902 -54.194 -51.524 -49.733 -49.040 -48.716
-41.962 -40.820 -39.943 -39.867 -39.645 -38.821 -38.088 -38.972 -41.269 -42.073 -41.107 -39.885 -39.534 -39.963 -39.683 -38.727 -37.904 -37.514 -37.452 -36.926 -35.733 -34.796 -34.769 -34.907 -34.242 -32.779 -30.994 -29.108 -27.165 -25.210 -23.285 -21.390 -19.454 -17.353 -14.747 -11.731 -9.153 -7.103 -5.266 -3.699 -2.463 -1.383 -0.231 1.404 3.390 5.203 6.946 9.317 12.232 14.428 15.893 17.253 18.738 20.450 21.927 22.858 23.450 23.729 23.686 23.415 22.963 22.339 21.536 20.470 18.874 16.631 13.781 10.505 7.873 6.214 4.933 3.220 0.993 -1.436 -3.954 -6.548 -9.208 -11.907 -14.583 -17.252 -20.062 -23.002 -25.897 -28.709 -31.473 -34.195 -36.867 -39.480 -42.030 -44.510 -46.903 -49.183 -51.317 -53.266 -54.943 -56.366 -57.560 -58.435 -59.467 -60.812 -62.411 -64.101 -65.232 -65.285 -64.463 -63.797 -63.640 -63.670 -63.532 -62.406 -60.239 -58.256 -56.703 -55.713 -54.712 -51.966 -47.635 -44.904 -44.241 -44.070
-40.542 -38.922 -37.619 -37.232 -36.627 -35.462 -34.259 -33.893 -34.156 -33.344 -31.696 -30.378 -30.655 -32.379 -33.293 -33.849 -34.946 -35.806 -36.138 -35.517 -34.043 -32.553 -31.607 -31.019 -30.209 -28.917 -27.418 -25.733 -23.784 -21.696 -19.575 -17.443 -15.295 -13.058 -10.514 -7.716 -5.179 -2.963 -0.937 0.702 2.209 4.343 6.947 10.185 14.015 17.149 19.728 23.358 28.017 31.326 33.086 34.506 36.315 38.548 40.324 41.507 42.543 43.284 43.508 43.342 42.937 42.328 41.498 40.311 38.335 35.406 31.578 27.062 23.357 20.253 16.946 13.755 10.641 7.580 4.571 1.525 -1.574 -4.654 -7.485 -10.174 -13.432 -17.245 -20.872 -24.174 -27.354 -30.471 -33.521 -36.510 -39.482 -42.453 -45.299 -47.878 -50.140 -52.120 -53.846 -55.651 -57.788 -59.546 -60.999 -62.647 -65.042 -68.012 -70.143 -70.994 -70.738 -69.628 -67.925 -66.238 -65.117 -63.281 -60.148 -57.177 -54.721 -53.226 -52.245 -50.208 -46.848 -44.378 -43.743 -43.652
-41.606 -40.303 -39.207 -38.535 -37.449 -35.962 -34.315 -32.611 -30.667 -28.185 -25.844 -24.051 -23.402 -24.002 -24.704 -26.469 -29.316 -31.346 -32.435 -32.222 -30.771 -28.941 -27.231 -25.756 -24.369 -23.057 -22.110 -21.162 -19.616 -17.628 -15.496 -13.312 -11.104 -8.863 -6.542 -4.153 -1.814 0.464 2.674 4.600 6.585 9.697 13.787 18.734 24.492 29.254 32.829 36.677 41.044 44.210 46.057 47.545 49.201 51.010 52.433 53.518 54.697 55.814 56.371 56.380 56.102 55.613 54.854 53.737 52.070 49.893 47.214 43.863 40.524 36.547 31.634 26.993 22.355 18.047 14.225 10.641 7.169 3.811 0.897 -1.759 -5.337 -9.823 -13.999 -17.646 -21.105 -24.480 -27.776 -31.051 -34.540 -38.336 -41.971 -45.037 -47.693 -50.247 -52.654 -55.373 -58.638 -61.258 -63.069 -64.739 -66.842 -69.319 -71.256 -72.389 -72.398 -70.383 -66.338 -62.535 -60.743 -59.757 -58.388 -56.860 -55.328 -54.274 -53.582 -52.494 -50.415 -48.072 -46.822 -46.382
-41.631 -40.236 -38.948 -37.507 -35.392 -33.368 -31.599 -29.729 -27.499 -24.898 -22.494 -20.502 -19.098 -18.320 -17.998 -19.070 -20.980 -22.702 -24.849 -26.273 -25.786 -24.232 -22.596 -21.098 -19.502 -17.992 -17.135 -16.641 -15.561 -13.905 -11.958 -9.852 -7.688 -5.496 -3.276 -1.031 1.224 3.473 5.721 8.063 11.067 15.522 20.872 26.329 31.960 37.073 41.289 44.774 47.828 50.204 51.987 53.536 55.004 56.380 57.545 58.577 59.744 61.016 61.896 62.190 62.206 62.075 61.550 60.591 59.342 58.075 56.783 54.973 52.699 49.716 45.998 41.740 36.170 30.301 24.756 20.050 16.127 12.480 9.118 5.910 2.148 -2.150 -6.238 -9.974 -13.557 -17.044 -20.440 -23.840 -27.600 -31.862 -36.128 -40.131 -44.060 -48.045 -51.519 -54.527 -57.450 -59.837 -61.680 -63.314 -64.943 -66.573 -67.878 -68.590 -67.967 -64.898 -60.147 -56.713 -55.563 -55.447 -55.435 -55.179 -54.678 -54.162 -53.655 -52.967 -51.731 -50.058 -48.783 -48.137
-40.077 -37.640 -35.201 -32.717 -29.725 -27.319 -25.586 -23.926 -22.068 -19.953 -17.876 -16.288 -15.223 -14.047 -12.937 -12.813 -13.002 -13.443 -15.747 -19.072 -20.427 -19.787 -18.624 -17.438 -15.903 -14.164 -12.784 -11.750 -10.564 -9.154 -7.471 -5.563 -3.556 -1.495 0.601 2.726 4.850 6.879 8.867 11.496 15.575 20.765 26.029 30.976 35.657 40.018 43.941 47.135 49.610 51.624 53.389 54.996 56.477 57.850 59.106 60.336 61.663 63.119 64.433 65.132 65.468 65.685 65.404 64.585 63.485 62.382 61.374 60.102 58.398 56.338 53.937 50.843 46.216 39.969 32.584 26.293 21.730 17.839 14.096 10.388 6.568 2.656 -1.165 -4.845 -8.403 -11.842 -15.178 -18.418 -21.657 -25.021 -28.870 -33.596 -38.620 -43.376 -47.335 -50.192 -52.402 -54.420 -56.426 -58.255 -59.753 -60.961 -61.756 -61.631 -59.915 -56.763 -53.504 -51.581 -50.990 -50.936 -50.944 -50.829 -50.575 -50.227 -49.806 -49.316 -48.662 -47.768 -46.814 -46.112
-35.852 -33.170 -30.073 -27.180 -24.489 -22.478 -20.944 -19.435 -17.813 -16.073 -14.419 -13.242 -12.372 -11.045 -9.369 -8.030 -6.984 -6.503 -8.166 -12.207 -15.376 -16.037 -15.260 -13.939 -12.108 -10.043 -8.218 -6.645 -5.135 -3.641 -2.110 -0.532 1.163 2.988 4.884 6.816 8.713 10.414 12.151 15.130 19.764 24.528 28.744 32.705 36.372 39.802 43.144 46.276 48.801 50.799 52.558 54.157 55.691 57.265 58.807 60.374 61.946 63.570 65.172 66.108 66.468 66.589 66.301 65.588 64.639 63.688 62.872 61.842 60.128 57.858 55.384 52.671 49.165 43.835 36.392 29.203 23.955 19.884 16.078 12.303 8.544 4.822 1.184 -2.332 -5.674 -8.835 -11.885 -14.686 -17.128 -19.631 -23.049 -27.489 -31.972 -36.184 -39.952 -42.732 -44.743 -46.709 -48.951 -51.076 -52.705 -53.797 -54.221 -53.277 -50.900 -48.620 -47.144 -46.140 -45.566 -45.368 -45.294 -45.181 -44.993 -44.730 -44.393 -43.982 -43.430 -42.628 -41.502 -40.421
-30.368 -28.870 -26.440 -23.642 -21.368 -19.793 -18.455 -17.052 -15.557 -14.066 -12.827 -11.925 -10.937 -9.558 -7.733 -5.724 -4.043 -3.073 -3.580 -6.524 -10.115 -11.602 -11.242 -9.957 -7.965 -5.764 -3.890 -2.277 -0.644 1.040 2.525 3.754 5.022 6.497 8.117 9.784 11.376 12.776 14.412 17.478 21.893 25.941 29.346 32.320 34.929 37.562 40.525 43.668 46.347 48.404 50.161 51.806 53.514 55.373 57.138 58.740 60.113 61.456 62.812 63.633 63.903 63.881 63.579 63.022 62.380 61.838 61.271 60.233 58.454 56.132 53.597 50.894 47.823 43.677 37.509 30.395 24.686 20.484 16.767 13.136 9.559 6.064 2.708 -0.462 -3.402 -6.101 -8.629 -10.732 -12.516 -14.984 -18.503 -22.098 -25.187 -28.265 -31.607 -34.614 -36.827 -38.703 -40.721 -42.719 -44.403 -45.566 -45.808 -44.526 -42.415 -41.125 -40.634 -40.103 -39.501 -39.186 -39.109 -39.064 -38.976 -38.832 -38.607 -38.199 -37.407 -36.215 -34.724 -33.321
-26.209 -25.679 -24.184 -21.820 -19.655 -18.121 -16.831 -15.488 -14.077 -12.730 -11.720 -11.004 -10.058 -8.784 -7.091 -5.034 -3.029 -1.529 -1.016 -2.304 -4.649 -5.817 -5.859 -5.237 -3.852 -2.140 -0.589 0.830 2.394 4.153 5.721 6.869 7.837 8.918 10.188 11.532 12.770 13.925 15.585 18.459 22.074 25.309 28.095 30.373 32.264 34.222 36.599 39.424 42.152 44.304 46.150 48.017 49.938 51.821 53.407 54.637 55.575 56.536 57.522 58.128 58.365 58.386 58.208 57.884 57.620 57.443 56.906 55.748 54.096 52.118 49.872 47.379 44.686 41.439 36.533 30.136 24.449 20.236 16.693 13.318 10.064 6.951 4.020 1.324 -1.113 -3.259 -5.207 -6.778 -8.334 -10.916 -14.212 -16.961 -19.039 -21.140 -23.893 -27.000 -29.420 -31.222 -32.882 -34.354 -35.662 -36.703 -36.765 -35.546 -34.313 -33.892 -33.850 -33.616 -33.140 -32.818 -32.781 -32.848 -32.903 -32.919 -32.816 -32.303 -31.096 -29.586 -28.303 -27.369
-23.563 -23.306 -22.428 -20.707 -18.685 -17.089 -15.814 -14.525 -13.183 -11.939 -11.032 -10.335 -9.321 -7.883 -6.091 -4.059 -1.937 -0.114 0.873 0.630 -0.396 -0.778 -0.738 -0.643 0.029 1.170 2.368 3.543 4.826 6.307 7.772 8.955 9.874 10.690 11.606 12.593 13.491 14.466 16.156 18.745 21.423 23.750 25.840 27.553 28.986 30.422 32.114 34.344 36.868 39.031 40.949 42.844 44.547 45.994 47.166 48.092 48.876 49.710 50.496 50.973 51.213 51.311 51.302 51.258 51.316 51.320 50.807 49.742 48.354 46.730 44.810 42.630 40.317 37.674 33.801 28.452 23.172 19.094 15.799 12.777 9.965 7.342 4.917 2.729 0.786 -0.875 -2.493 -4.145 -6.142 -8.850 -11.534 -13.532 -15.038 -16.475 -18.335 -20.625 -22.597 -24.174 -25.569 -26.656 -27.599 -28.334 -28.145 -27.046 -26.482 -26.644 -26.913 -26.984 -26.800 -26.622 -26.717 -26.958 -27.198 -27.406 -27.431 -26.840 -25.561 -24.428 -23.835 -23.518
-21.658 -21.498 -20.950 -19.709 -17.968 -16.485 -15.298 -14.094 -12.864 -11.755 -10.851 -9.900 -8.486 -6.659 -4.631 -2.594 -0.581 1.254 2.460 2.773 2.486 2.668 3.062 3.148 3.486 4.288 5.262 6.236 7.213 8.252 9.324 10.342 11.260 11.996 12.645 13.266 13.844 14.623 16.101 18.214 20.156 21.787 23.203 24.365 25.394 26.424 27.599 29.242 31.340 33.305 34.994 36.435 37.570 38.494 39.296 40.019 40.720 41.449 42.126 42.633 42.984 43.223 43.437 43.688 43.979 44.058 43.687 42.933 41.874 40.535 38.901 37.017 35.005 32.819 29.904 25.717 21.019 17.176 14.180 11.560 9.204 7.061 5.167 3.445 1.760 0.169 -1.461 -3.275 -5.513 -8.111 -10.249 -11.718 -12.843 -13.820 -14.867 -16.143 -17.432 -18.480 -19.276 -19.912 -20.565 -21.073 -20.805 -19.711 -19.223 -19.548 -20.046 -20.451 -20.670 -20.798 -21.094 -21.511 -21.940 -22.345 -22.509 -22.083 -21.316 -20.971 -21.022 -21.070
-19.717 -19.686 -19.307 -18.296 -16.857 -15.605 -14.553 -13.464 -12.373 -11.325 -10.231 -8.914 -7.155 -5.148 -3.101 -1.139 0.686 2.399 3.762 4.482 4.692 5.226 5.936 6.261 6.488 7.037 7.827 8.646 9.426 10.168 10.883 11.604 12.361 13.028 13.474 13.760 14.040 14.550 15.602 17.097 18.435 19.529 20.396 21.082 21.726 22.389 23.159 24.290 25.840 27.349 28.484 29.273 29.860 30.358 30.802 31.232 31.718 32.272 32.874 33.483 34.053 34.566 35.069 35.578 36.023 36.175 35.996 35.587 34.891 33.895 32.594 31.025 29.300 27.464 25.184 21.877 17.909 14.500 11.855 9.628 7.684 5.960 4.417 2.897 1.322 -0.228 -1.787 -3.447 -5.432 -7.644 -9.382 -10.526 -11.357 -11.998 -12.550 -13.204 -13.953 -14.440 -14.571 -14.582 -14.678 -14.879 -14.658 -13.623 -12.992 -13.175 -13.653 -14.209 -14.749 -15.190 -15.624 -16.117 -16.652 -17.185 -17.462 -17.351 -17.321 -17.718 -18.306 -18.718
-16.146 -16.346 -16.257 -15.516 -14.368 -13.334 -12.422 -11.482 -10.534 -9.470 -8.197 -6.750 -4.999 -3.134 -1.341 0.388 2.018 3.594 5.061 6.097 6.670 7.391 8.230 8.746 9.018 9.445 10.072 10.736 11.367 11.940 12.451 12.929 13.432 13.909 14.160 14.181 14.193 14.393 14.968 15.845 16.617 17.212 17.625 17.917 18.206 18.526 18.919 19.545 20.447 21.296 21.789 22.004 22.116 22.185 22.226 22.331 22.629 23.105 23.698 24.392 25.154 25.926 26.689 27.447 28.111 28.459 28.481 28.291 27.876 27.242 26.328 25.116 23.696 22.103 20.087 17.317 14.132 11.285 9.012 7.154 5.553 4.093 2.667 1.224 -0.192 -1.541 -2.843 -4.186 -5.745 -7.456 -8.819 -9.713 -10.302 -10.673 -10.896 -11.135 -11.413 -11.436 -11.110 -10.614 -10.140 -9.866 -9.448 -8.455 -7.744 -7.682 -7.890 -8.220 -8.692 -9.251 -9.807 -10.334 -10.846 -11.350 -11.707 -11.920 -12.393 -13.198 -14.101 -14.742
-11.605 -12.106 -12.507 -12.312 -11.615 -10.847 -10.087 -9.279 -8.412 -7.290 -5.938 -4.528 -2.886 -1.125 0.539 2.203 3.873 5.475 6.983 8.162 8.925 9.661 10.392 10.895 11.231 11.634 12.135 12.642 13.109 13.519 13.875 14.187 14.455 14.665 14.713 14.541 14.302 14.173 14.284 14.604 14.890 15.053 15.076 15.023 14.985 14.968 14.969 15.078 15.319 15.471 15.355 15.049 14.676 14.286 13.952 13.813 13.969 14.370 14.946 15.688 16.578 17.551 18.561 19.596 20.558 21.230 21.566 21.624 21.429 21.040 20.439 19.564 18.424 17.013 15.180 12.834 10.287 7.946 6.030 4.486 3.111 1.762 0.418 -0.872 -2.096 -3.235 -4.280 -5.319 -6.470 -7.689 -8.666 -9.311 -9.691 -9.826 -9.770 -9.649 -9.485 -9.072 -8.353 -7.460 -6.528 -5.695 -4.787 -3.626 -2.754 -2.298 -2.014 -1.846 -1.915 -2.309 -2.885 -3.437 -3.937 -4.440 -4.991 -5.662 -6.583 -7.710 -8.876 -9.673
-10.053 -10.879 -11.785 -12.182 -12.025 -11.620 -11.050 -10.290 -9.328 -8.019 -6.493 -4.909 -3.074 -1.052 0.951 2.958 4.935 6.756 8.384 9.705 10.676 11.538 12.300 12.871 13.310 13.724 14.178 14.622 14.967 15.199 15.370 15.509 15.571 15.513 15.305 14.899 14.356 13.845 13.491 13.325 13.230 13.052 12.757 12.393 12.007 11.613 11.211 10.823 10.428 9.889 9.132 8.223 7.262 6.346 5.611 5.193 5.143 5.419 5.993 6.861 7.986 9.287 10.678 12.119 13.492 14.598 15.372 15.818 15.925 15.750 15.351 14.690 13.730 12.465 10.831 8.843 6.763 4.845 3.250 1.922 0.664 -0.592 -1.786 -2.888 -3.937 -4.925 -5.830 -6.682 -7.537 -8.377 -9.012 -9.395 -9.551 -9.447 -9.108 -8.627 -8.005 -7.089 -5.876 -4.503 -3.070 -1.635 -0.133 1.412 2.650 3.600 4.363 4.933 5.189 4.973 4.387 3.677 2.884 1.935 0.777 -0.690 -2.420 -4.250 -5.991 -7.149
-12.683 -13.869 -15.277 -16.190 -16.522 -16.500 -16.179 -15.491 -14.399 -12.895 -11.142 -9.210 -6.976 -4.504 -1.943 0.637 3.138 5.451 7.539 9.333 10.882 12.356 13.718 14.872 15.777 16.482 17.176 17.860 18.396 18.705 18.809 18.763 18.573 18.195 17.613 16.703 15.367 13.898 12.646 11.841 11.357 10.788 10.096 9.303 8.378 7.380 6.351 5.209 3.855 2.198 0.262 -1.816 -3.895 -5.892 -7.609 -8.751 -9.123 -8.786 -7.780 -6.149 -4.044 -1.635 0.920 3.571 6.094 8.188 9.823 11.013 11.676 11.876 11.699 11.129 10.195 8.956 7.387 5.531 3.626 1.886 0.423 -0.835 -2.037 -3.186 -4.231 -5.184 -6.086 -6.946 -7.755 -8.491 -9.152 -9.718 -10.063 -10.131 -9.930 -9.447 -8.703 -7.762 -6.594 -5.078 -3.268 -1.315 0.689 2.699 4.688 6.561 8.123 9.322 10.148 10.607 10.664 10.219 9.330 8.177 6.781 5.101 3.156 0.843 -1.764 -4.435 -6.900 -8.540
-20.164 -22.028 -24.349 -26.038 -27.052 -27.589 -27.579 -26.849 -25.413 -23.502 -21.226 -18.527 -15.396 -11.848 -7.949 -3.810 0.277 3.877 6.808 9.265 11.927 14.882 17.788 20.374 22.229 23.374 24.607 26.040 27.335 28.125 28.227 27.787 26.907 25.845 24.711 22.857 19.489 15.347 11.662 9.601 8.711 7.342 5.579 3.717 1.573 -0.842 -3.524 -6.582 -10.131 -14.421 -19.327 -24.323 -29.116 -33.962 -38.551 -41.899 -43.190 -42.508 -39.968 -35.852 -30.867 -25.348 -19.395 -13.066 -7.099 -2.217 1.746 4.949 7.088 8.301 8.743 8.416 7.464 6.060 4.149 1.819 -0.547 -2.596 -4.218 -5.598 -6.871 -7.995 -8.949 -9.752 -10.413 -10.998 -11.546 -11.934 -12.128 -12.303 -12.357 -11.879 -10.840 -9.544 -8.071 -6.401 -4.550 -2.431 -0.068 2.520 5.215 7.851 10.331 12.591 14.457 15.659 16.187 16.145 15.602 14.547 13.012 11.112 8.885 6.362 3.545 0.247 -3.507 -7.459 -11.200 -13.738
-39.260 -43.139 -47.769 -50.930 -53.329 -55.079 -55.399 -53.883 -50.996 -47.544 -43.389 -38.235 -32.355 -25.535 -17.464 -8.277 0.775 7.359 10.826 13.219 17.571 23.544 29.587 34.709 37.212 37.289 38.279 40.616 42.783 43.337 41.755 39.028 35.820 33.204 31.600 29.476 24.714 18.009 11.487 8.452 7.909 5.484 1.652 -2.386 -6.799 -11.756 -17.403 -23.641 -30.563 -38.883 -48.477 -58.272 -67.757 -77.471 -86.956 -94.465 -98.280 -98.157 -94.064 -86.678 -77.945 -68.207 -57.007 -44.697 -33.039 -23.421 -15.336 -8.393 -3.281 0.070 1.774 2.047 1.285 -0.414 -3.227 -6.817 -10.398 -13.158 -14.975 -16.562 -18.023 -19.041 -19.621 -19.789 -19.503 -19.080 -18.722 -17.893 -16.823 -16.898 -17.766 -16.830 -13.881 -10.898 -8.258 -5.589 -3.061 -0.257 3.137 7.336 11.937 16.422 20.640 24.560 27.902 29.815 30.144 29.300 27.629 25.226 22.155 18.521 14.457 10.366 6.226 1.127 -5.327 -12.889 -20.586 -26.013
-72.882 -80.143 -87.452 -91.197 -95.226 -99.096 -99.657 -96.139 -90.442 -83.982 -75.886 -65.787 -55.162 -43.625 -29.126 -11.452 5.761 15.464 16.803 17.991 24.888 35.001 44.883 52.189 53.784 51.166 51.131 54.101 56.651 55.701 50.027 42.475 35.838 31.654 30.135 29.405 26.329 20.620 14.029 11.080 11.560 10.090 5.812 -0.138 -7.152 -15.200 -24.359 -33.886 -43.817 -55.704 -69.715 -84.297 -98.816 -113.544 -127.692 -139.302 -146.129 -147.514 -143.923 -136.141 -126.255 -114.351 -99.615 -82.826 -66.349 -52.188 -39.874 -28.973 -20.429 -14.466 -11.290 -10.386 -10.918 -13.015 -17.125 -22.531 -27.878 -31.521 -33.098 -34.458 -35.799 -36.208 -35.613 -34.118 -32.008 -30.180 -28.776 -26.530 -25.063 -28.740 -35.309 -35.828 -29.911 -24.183 -20.153 -16.671 -13.880 -9.457 -2.230 7.106 17.205 27.121 36.197 44.268 52.001 57.616 59.405 58.107 54.735 49.676 43.432 36.210 28.366 21.450 15.871 9.008 -1.259 -15.712 -32.218 -44.610
-104.425 -114.066 -121.584 -123.512 -128.272 -134.520 -135.707 -130.426 -122.578 -113.503 -101.303 -86.134 -71.509 -57.171 -37.954 -13.183 10.024 19.838 16.624 17.188 27.295 40.730 52.582 59.160 58.657 55.634 56.466 60.215 63.109 61.536 52.905 41.037 32.382 28.074 27.084 27.787 26.747 23.227 18.131 14.498 14.802 16.666 15.218 9.618 1.419 -8.661 -20.118 -31.655 -43.190 -57.802 -76.433 -95.816 -114.931 -134.322 -152.726 -167.242 -174.775 -175.473 -172.558 -166.508 -156.979 -144.221 -128.383 -110.119 -91.238 -74.050 -58.944 -45.676 -34.902 -27.025 -22.692 -21.500 -22.302 -25.139 -30.723 -38.204 -45.489 -49.775 -49.951 -49.846 -50.570 -50.248 -48.134 -44.612 -41.617 -40.471 -40.413 -39.944 -42.346 -53.606 -68.290 -71.414 -62.769 -54.295 -49.356 -45.744 -42.593 -34.663 -20.273 -2.640 15.774 33.801 49.378 62.018 75.137 87.051 92.752 92.326 87.579 79.527 69.646 58.324 45.876 34.886 27.880 22.407 12.505 -6.650 -33.175 -54.864
-116.984 -126.321 -132.163 -133.978 -140.391 -148.711 -151.294 -146.354 -138.789 -129.312 -115.494 -98.055 -81.514 -65.785 -43.868 -15.487 9.033 17.213 11.988 13.696 25.984 40.761 52.319 56.214 54.086 53.357 56.693 61.344 64.659 63.522 54.174 40.205 30.861 27.084 26.828 28.739 29.069 26.684 22.337 17.593 16.349 19.518 20.210 16.153 8.673 -0.917 -11.526 -22.251 -33.254 -49.653 -73.032 -97.255 -120.282 -143.414 -165.515 -181.868 -188.051 -186.710 -183.202 -176.684 -164.871 -149.559 -132.264 -113.622 -94.596 -76.397 -60.851 -47.875 -37.069 -29.025 -24.827 -24.144 -26.045 -30.413 -37.370 -45.975 -53.498 -55.871 -51.814 -49.369 -51.057 -52.271 -50.618 -46.926 -45.384 -47.428 -51.467 -56.891 -66.057 -81.070 -96.476 -99.970 -90.473 -80.906 -76.684 -74.062 -68.842 -55.583 -34.614 -10.588 14.338 38.423 57.536 71.395 85.513 100.665 110.414 111.941 106.821 97.152 85.349 71.911 56.586 41.575 32.888 31.712 27.840 11.819 -17.122 -42.935
-112.981 -121.225 -126.069 -131.509 -141.831 -151.823 -155.304 -151.453 -145.301 -136.788 -123.447 -106.143 -88.754 -71.637 -48.746 -20.029 2.430 8.655 5.817 10.902 24.355 38.901 49.344 51.876 49.584 50.617 55.469 60.536 63.754 62.177 52.258 38.067 29.196 26.352 27.456 30.999 32.159 29.543 24.988 19.412 15.911 18.030 20.176 17.984 11.817 3.659 -5.411 -14.532 -24.261 -41.265 -66.815 -93.232 -117.636 -141.184 -163.150 -178.188 -182.508 -181.330 -178.406 -170.401 -154.735 -135.635 -115.161 -93.996 -73.927 -55.747 -42.403 -32.572 -24.396 -18.910 -17.100 -17.970 -21.723 -28.663 -36.794 -44.533 -49.475 -46.878 -36.437 -31.549 -35.827 -41.735 -44.942 -44.995 -46.065 -50.960 -58.963 -70.381 -84.949 -99.231 -111.161 -115.011 -106.736 -97.304 -94.893 -93.948 -85.118 -65.652 -39.949 -12.380 16.463 43.858 63.563 76.081 86.569 99.838 112.807 117.375 112.754 102.691 90.561 77.022 61.300 45.238 37.024 38.927 38.813 27.991 4.213 -18.436
-99.272 -108.745 -116.620 -127.147 -140.845 -151.914 -155.733 -152.351 -147.060 -139.271 -126.580 -110.181 -92.530 -74.207 -51.767 -25.055 -6.459 -2.164 -0.272 8.966 23.072 36.600 45.648 48.246 46.656 48.254 53.346 58.094 60.243 57.342 46.947 33.215 25.557 24.790 28.300 33.191 33.998 30.388 25.054 18.420 12.779 13.505 17.549 17.708 13.380 6.803 -1.577 -10.172 -19.301 -35.913 -61.183 -87.526 -111.787 -134.358 -153.362 -164.933 -169.643 -171.718 -170.630 -161.985 -143.879 -122.106 -98.514 -72.980 -48.856 -29.160 -17.552 -11.003 -6.348 -4.601 -6.046 -8.807 -14.592 -24.283 -33.455 -39.373 -41.361 -35.266 -20.383 -12.268 -15.814 -24.684 -34.274 -40.450 -44.404 -51.480 -62.782 -78.407 -96.134 -110.090 -120.805 -126.345 -120.100 -110.480 -108.249 -107.017 -94.539 -70.427 -41.541 -11.816 19.036 47.843 67.643 79.025 85.024 93.926 108.685 116.797 113.475 103.620 91.949 79.781 65.804 51.323 44.906 46.813 45.027 35.344 15.587 -3.715
-76.629 -87.901 -102.662 -120.381 -137.376 -149.388 -152.946 -149.380 -145.603 -139.040 -126.540 -110.585 -92.764 -73.076 -50.862 -27.485 -12.816 -8.761 -2.966 8.066 21.747 34.076 41.817 44.346 43.339 45.191 49.996 53.515 53.573 49.610 39.790 26.744 20.473 22.646 28.977 34.115 33.913 29.712 23.858 16.606 10.144 9.624 14.068 16.498 14.798 9.805 2.100 -6.086 -14.860 -30.501 -54.601 -80.166 -104.109 -126.269 -142.873 -152.589 -160.790 -167.110 -166.559 -155.828 -135.291 -111.930 -88.228 -63.426 -39.304 -18.279 -4.419 2.750 6.071 5.785 2.202 -2.429 -9.761 -20.278 -29.098 -33.060 -33.318 -26.759 -10.447 0.961 0.998 -6.461 -18.491 -29.323 -36.914 -47.764 -63.905 -84.022 -103.770 -117.942 -128.416 -135.351 -132.069 -123.563 -120.910 -116.472 -99.563 -72.241 -41.168 -9.617 22.447 51.517 71.789 83.421 85.899 88.197 100.145 111.621 111.782 103.201 92.541 82.523 70.981 57.843 50.860 50.293 46.205 36.601 19.006 1.957
-47.726 -60.292 -81.455 -106.219 -127.742 -142.475 -146.214 -142.344 -141.075 -136.932 -125.347 -109.495 -90.360 -67.671 -44.637 -26.992 -17.924 -12.755 -4.194 6.875 19.508 30.457 36.546 38.136 38.086 40.924 45.322 47.049 45.270 41.647 33.245 20.819 15.138 19.107 27.344 32.300 31.728 27.840 22.101 15.081 8.964 7.130 10.631 15.776 17.281 13.501 6.909 0.101 -8.030 -22.834 -45.657 -70.163 -93.730 -115.885 -132.502 -143.560 -154.271 -161.293 -159.310 -146.154 -123.298 -98.558 -75.979 -55.134 -36.009 -17.825 -1.751 8.643 13.083 12.423 7.499 1.022 -7.248 -16.512 -23.356 -26.263 -26.937 -21.964 -5.811 9.923 14.850 10.484 -0.508 -13.347 -24.190 -38.459 -60.292 -86.803 -108.931 -123.154 -132.801 -139.693 -139.567 -134.711 -133.410 -124.713 -102.230 -71.707 -38.160 -3.164 31.537 60.033 79.403 91.009 91.010 85.669 90.545 104.581 110.238 103.856 93.539 83.815 72.751 59.796 50.440 47.201 44.833 38.242 22.971 7.773
-20.618 -36.673 -61.433 -87.885 -111.770 -130.226 -136.444 -133.795 -134.682 -132.729 -122.880 -107.622 -86.716 -60.430 -37.083 -26.684 -23.925 -16.439 -4.509 6.694 17.765 26.187 29.332 29.067 30.566 35.151 38.989 39.372 37.913 36.223 28.659 15.188 8.362 12.459 21.471 26.734 26.894 24.219 19.572 13.678 8.519 6.096 9.020 16.160 20.172 17.945 13.236 8.520 1.213 -12.959 -34.392 -57.569 -80.514 -102.187 -119.764 -133.648 -144.690 -149.694 -146.124 -132.319 -108.839 -82.816 -60.399 -42.319 -28.386 -15.817 -1.199 11.416 18.110 17.669 11.405 3.441 -4.884 -12.225 -16.965 -20.174 -22.688 -19.878 -4.264 17.225 27.955 26.042 15.965 1.596 -11.634 -26.031 -50.749 -83.167 -108.629 -124.193 -134.281 -141.034 -142.544 -140.606 -140.530 -128.867 -101.922 -67.839 -30.063 10.361 47.418 72.694 87.782 97.126 97.094 90.180 90.557 103.213 110.257 104.318 92.691 81.133 69.525 56.787 45.406 40.889 43.145 41.305 28.327 14.521
2.966 -18.924 -46.871 -72.510 -95.556 -114.600 -122.566 -121.908 -125.194 -125.855 -118.358 -104.242 -82.299 -54.502 -33.819 -29.493 -29.197 -18.473 -2.963 8.932 17.465 22.018 22.079 20.338 22.452 27.231 29.892 30.471 31.866 32.624 24.431 8.300 -0.007 4.304 13.959 19.759 20.626 19.161 16.039 11.695 7.757 5.522 7.885 15.238 21.396 22.494 20.836 18.118 11.589 -1.689 -21.394 -43.112 -65.156 -85.769 -103.456 -119.150 -130.030 -133.357 -128.936 -115.982 -93.457 -66.206 -43.226 -26.986 -16.807 -9.206 1.639 14.051 22.661 22.582 14.898 5.785 -1.695 -7.058 -10.674 -14.802 -18.280 -15.163 1.634 27.424 41.958 41.418 31.854 16.230 0.369 -14.616 -40.446 -75.586 -103.368 -120.669 -131.651 -137.885 -140.246 -141.336 -141.396 -127.088 -96.464 -57.369 -14.210 28.271 61.774 80.969 91.399 98.358 99.760 96.447 96.782 104.906 107.727 99.382 86.106 73.667 62.581 50.976 40.082 36.681 42.677 44.418 33.491 21.010
18.588 -6.200 -35.554 -60.500 -82.053 -99.214 -106.096 -105.622 -110.327 -114.257 -110.415 -98.485 -77.466 -51.570 -35.601 -34.660 -32.922 -19.807 -2.914 8.869 14.589 15.599 14.054 12.841 14.785 17.618 19.209 21.528 25.566 26.638 16.705 -0.852 -8.891 -3.476 6.982 13.410 14.943 14.304 12.172 9.017 6.083 3.883 4.866 11.374 20.348 27.100 30.864 30.751 24.700 12.009 -6.412 -27.070 -48.468 -68.935 -86.824 -102.315 -112.097 -114.080 -108.915 -96.545 -74.965 -47.424 -24.941 -11.414 -5.008 -1.005 6.606 17.702 26.648 26.870 18.635 8.996 2.220 -1.817 -5.316 -10.694 -13.732 -7.512 12.260 40.505 56.699 56.918 47.703 31.182 12.797 -4.554 -32.141 -68.683 -97.674 -115.501 -125.586 -129.817 -133.050 -138.219 -137.415 -119.173 -82.997 -36.638 8.752 45.614 71.204 84.952 92.072 96.507 97.535 95.677 95.549 100.675 101.022 90.271 75.257 62.952 53.235 43.690 35.365 33.440 40.663 45.842 38.508 28.162
27.263 2.978 -25.487 -49.473 -69.958 -85.590 -90.928 -88.494 -91.360 -97.611 -97.795 -88.388 -70.165 -49.865 -39.084 -36.816 -31.218 -18.987 -5.265 4.591 9.177 8.169 5.568 6.273 8.631 9.654 10.690 13.401 16.786 15.023 2.583 -13.144 -17.521 -9.753 1.085 7.735 10.101 10.334 8.969 6.598 4.194 1.815 1.511 6.836 18.119 32.229 44.639 50.081 46.585 33.669 13.007 -9.141 -31.171 -52.471 -70.238 -84.280 -92.420 -93.111 -87.146 -74.750 -53.702 -26.907 -6.279 3.324 5.323 6.963 13.064 22.594 30.207 30.300 21.972 12.294 6.037 2.803 -0.749 -6.820 -8.374 1.235 23.357 52.873 70.480 71.680 62.788 46.086 26.249 5.930 -24.341 -62.461 -92.435 -110.405 -119.410 -121.613 -123.048 -127.504 -125.489 -104.663 -62.414 -10.515 31.168 58.649 77.160 87.371 91.241 91.623 90.235 87.856 86.608 90.006 90.859 80.468 63.793 50.834 42.594 35.850 30.462 28.903 35.849 45.590 45.188 40.231
33.548 10.595 -16.185 -38.801 -58.089 -72.077 -75.776 -71.714 -73.068 -80.940 -82.971 -74.013 -58.278 -45.111 -38.701 -30.471 -18.941 -10.695 -3.941 3.525 7.879 4.667 0.274 1.499 3.859 4.158 4.495 5.505 5.726 -0.714 -15.894 -27.357 -25.608 -14.625 -3.873 2.489 5.654 6.895 6.432 4.848 3.055 0.956 -0.134 3.421 15.948 37.735 59.864 74.970 80.436 68.562 40.406 11.330 -14.127 -36.830 -53.551 -65.596 -72.147 -71.645 -64.932 -52.404 -31.886 -6.331 11.989 17.825 15.820 15.246 20.100 28.282 34.701 34.060 24.450 14.369 9.077 6.922 3.898 -1.494 -1.319 9.844 31.085 59.598 80.261 84.497 76.454 60.315 40.128 16.981 -16.163 -55.663 -86.321 -104.532 -113.252 -114.052 -109.820 -106.725 -103.841 -83.316 -38.447 11.189 44.508 63.619 77.150 85.240 86.357 82.437 78.693 76.580 74.998 74.872 73.722 65.426 49.799 37.095 30.700 27.330 25.290 25.101 32.534 46.242 54.004 56.957
38.558 17.040 -7.875 -28.789 -46.377 -57.934 -60.341 -58.204 -61.057 -68.939 -69.962 -59.883 -46.269 -38.144 -31.677 -16.343 0.196 4.248 2.661 6.519 8.888 2.162 -4.221 -3.994 -2.046 -1.189 -1.028 -1.659 -4.320 -14.376 -30.960 -39.053 -33.057 -19.993 -9.098 -2.521 1.544 3.780 4.234 3.513 2.570 1.150 -0.193 1.925 14.108 40.045 70.778 98.209 116.975 110.732 76.492 36.079 3.513 -21.028 -36.875 -47.324 -52.436 -50.756 -43.254 -30.394 -10.340 13.460 29.063 31.631 26.344 23.243 26.237 33.139 38.727 36.916 25.987 15.927 12.154 11.132 8.134 4.372 6.972 17.923 35.097 60.576 85.799 94.914 88.037 72.187 51.971 27.314 -7.728 -48.106 -79.007 -97.247 -105.744 -104.865 -94.308 -81.721 -74.458 -54.298 -11.912 28.278 50.939 63.151 72.891 79.167 77.793 69.954 64.370 62.836 61.813 58.751 52.163 42.798 30.860 21.587 17.850 18.036 19.680 21.971 30.270 46.704 61.409 69.382
42.739 22.782 -0.436 -19.759 -35.464 -44.758 -47.036 -48.637 -53.238 -58.993 -58.387 -49.093 -40.195 -36.070 -26.435 -6.115 11.752 13.364 6.738 6.737 5.539 -4.468 -11.517 -10.969 -8.063 -6.058 -5.863 -7.469 -11.780 -23.654 -40.591 -46.672 -38.494 -25.100 -14.295 -7.094 -2.094 1.034 2.323 2.433 2.255 1.403 0.180 1.361 10.784 36.183 75.881 117.029 145.560 146.809 114.329 64.227 22.438 -4.838 -20.677 -30.215 -34.058 -31.205 -22.676 -8.542 11.747 32.751 44.599 44.169 36.392 31.108 32.258 36.758 38.703 35.096 25.805 17.531 15.403 15.159 11.205 9.356 15.207 25.689 39.742 63.522 91.672 103.627 97.244 81.294 61.210 36.470 0.721 -40.067 -70.823 -88.906 -97.319 -93.695 -76.011 -54.483 -39.651 -20.952 12.257 40.786 54.399 61.197 67.318 70.879 66.919 56.180 48.769 46.984 47.102 44.107 33.584 21.531 12.146 6.311 5.276 8.662 13.641 18.442 27.473 46.135 66.215 75.724
46.394 28.190 6.584 -11.496 -25.423 -33.096 -36.113 -40.115 -44.527 -47.664 -47.452 -42.576 -39.072 -36.393 -24.387 -3.684 11.215 11.333 5.712 3.376 -2.258 -13.289 -18.717 -16.245 -11.858 -9.394 -9.643 -12.127 -17.765 -30.942 -47.687 -51.625 -41.561 -28.731 -18.588 -10.911 -5.123 -1.252 0.773 1.630 2.013 1.491 0.535 1.420 7.983 29.119 73.182 127.250 163.328 169.319 141.088 88.152 41.228 11.506 -5.127 -14.283 -17.147 -13.358 -3.709 12.490 33.700 51.494 59.612 57.452 48.766 41.639 39.775 38.866 33.942 29.312 24.789 18.979 17.364 17.258 12.567 12.036 20.282 31.066 44.597 68.248 96.968 109.722 103.691 87.775 67.926 43.674 8.164 -32.396 -62.554 -80.370 -89.438 -84.461 -60.992 -31.158 -5.043 16.859 37.074 50.850 56.142 58.250 60.493 60.492 54.204 41.931 32.380 29.168 30.161 29.371 19.142 5.613 -4.226 -9.102 -7.454 -0.645 7.508 15.388 27.045 47.175 67.557 76.540
49.488 33.138 13.340 -3.352 -15.180 -21.366 -25.907 -31.591 -35.063 -36.412 -38.617 -40.114 -40.059 -35.359 -21.952 -3.921 7.191 7.733 5.576 -0.138 -12.301 -22.043 -22.837 -18.113 -13.318 -11.287 -12.352 -16.090 -24.244 -39.469 -54.527 -55.506 -44.134 -31.751 -21.931 -13.841 -7.454 -2.969 -0.255 1.200 1.810 1.436 0.845 1.887 5.935 18.294 53.791 113.642 165.042 180.673 156.271 104.390 56.520 26.442 10.164 1.722 -0.686 3.310 13.644 31.264 53.116 69.652 77.238 75.533 66.094 54.462 45.407 36.815 26.605 22.266 22.327 19.069 17.537 16.916 11.892 11.995 21.376 32.913 46.661 68.725 95.699 110.334 106.670 91.532 72.053 48.408 13.743 -25.911 -55.268 -72.975 -82.287 -76.122 -49.351 -12.799 27.361 59.246 67.161 62.492 57.548 54.238 51.886 47.255 38.117 25.318 14.370 9.927 11.966 14.468 7.508 -6.756 -21.349 -29.421 -23.988 -11.066 1.511 13.865 30.348 50.575 66.146 73.074
51.696 37.344 19.742 5.073 -4.373 -9.604 -16.210 -23.465 -26.235 -27.129 -32.620 -38.741 -39.099 -31.949 -18.782 -5.163 2.104 3.881 4.182 -4.535 -21.138 -27.649 -23.208 -17.177 -13.049 -11.887 -13.901 -19.275 -31.107 -48.920 -60.442 -57.428 -45.738 -34.039 -24.259 -15.831 -8.998 -3.943 -0.598 1.155 1.591 1.222 1.014 1.940 3.581 7.689 27.909 82.385 151.723 185.054 168.014 118.328 67.615 37.128 23.491 17.092 15.390 19.913 31.425 50.589 73.296 89.703 97.547 95.464 82.166 61.029 41.081 26.679 16.409 14.436 18.259 18.116 17.361 15.420 9.537 9.812 19.672 31.823 45.456 64.175 87.677 105.364 106.005 92.548 73.805 51.035 17.863 -20.165 -48.931 -67.264 -76.287 -67.258 -37.545 2.510 50.402 89.617 91.984 73.774 58.562 48.846 40.996 30.337 16.589 3.627 -6.083 -9.596 -6.068 -0.790 -4.025 -17.851 -39.434 -55.476 -47.504 -25.279 -4.988 13.365 34.161 52.875 63.141 67.293
51.562 40.289 26.015 13.927 5.871 0.016 -8.162 -15.853 -18.434 -20.286 -27.776 -34.904 -34.524 -27.023 -16.081 -7.737 -4.993 -3.780 -5.063 -16.014 -29.556 -29.429 -20.887 -14.302 -11.168 -11.158 -14.163 -20.935 -35.446 -54.667 -62.799 -56.587 -45.515 -35.012 -25.450 -16.863 -9.653 -4.074 -0.474 1.069 1.174 0.883 0.989 1.463 1.602 2.272 12.082 52.630 123.252 174.212 174.396 132.216 77.457 44.067 32.221 27.997 28.168 35.037 49.092 70.643 94.465 108.872 112.819 106.994 88.215 57.327 28.213 12.168 5.292 6.767 13.471 16.461 17.158 13.643 6.215 6.095 15.955 28.415 42.137 58.757 78.908 97.175 101.601 91.010 73.727 52.077 20.885 -14.827 -42.888 -61.806 -70.277 -58.583 -26.083 15.446 64.408 105.327 107.342 83.304 59.581 41.886 27.078 10.020 -8.503 -21.155 -27.467 -28.521 -23.431 -16.231 -16.614 -28.307 -52.783 -76.623 -72.214 -43.579 -12.616 13.394 36.438 52.630 59.093 60.482
47.522 41.766 32.655 23.211 15.277 7.571 -1.401 -8.528 -11.999 -15.739 -22.984 -28.773 -28.391 -22.219 -13.889 -9.475 -10.749 -13.992 -22.085 -33.572 -36.722 -27.458 -16.257 -9.595 -7.459 -8.981 -13.254 -21.346 -37.409 -56.728 -62.894 -55.493 -44.936 -34.989 -25.569 -16.960 -9.500 -3.699 -0.362 0.737 0.677 0.546 0.701 0.753 0.504 0.544 4.471 25.354 74.884 132.803 159.228 134.722 82.317 47.652 36.511 33.955 36.219 45.498 61.814 84.962 108.635 120.127 119.299 108.475 83.529 46.064 14.115 -0.149 -3.391 0.470 8.513 13.606 15.127 10.558 2.132 1.498 10.857 23.175 37.171 53.183 70.357 86.628 94.253 88.016 73.180 52.350 22.782 -10.605 -37.687 -55.546 -61.321 -47.254 -13.825 27.990 77.371 120.377 124.387 96.455 63.803 35.136 9.909 -14.288 -35.535 -46.455 -48.835 -47.134 -39.906 -30.537 -28.547 -37.087 -59.481 -86.116 -87.411 -58.650 -19.385 13.580 37.466 51.305 55.853 56.118
42.783 43.232 39.143 31.513 23.428 13.827 4.073 -3.242 -9.041 -14.155 -18.900 -22.125 -22.197 -18.040 -11.933 -9.646 -13.809 -23.182 -37.152 -44.413 -36.527 -20.666 -8.982 -3.299 -2.194 -5.410 -11.539 -21.999 -39.662 -57.396 -62.070 -55.212 -44.872 -34.382 -24.623 -15.982 -8.626 -3.239 -0.452 0.378 0.344 0.262 0.297 0.231 0.100 0.090 1.011 7.380 29.857 73.507 115.883 117.128 78.871 47.955 37.959 36.992 41.015 51.926 70.259 94.515 116.201 124.220 119.063 101.488 68.347 27.320 -0.877 -9.524 -9.149 -3.869 5.426 11.961 12.446 6.446 -2.049 -2.722 5.429 16.775 30.751 46.716 62.396 77.156 86.604 84.106 72.049 51.812 23.597 -7.365 -32.563 -47.297 -48.069 -31.088 0.434 40.291 90.441 137.188 143.520 110.606 70.012 30.636 -7.858 -41.257 -64.146 -72.728 -71.461 -65.806 -54.587 -42.215 -38.221 -44.221 -63.103 -87.321 -89.790 -64.260 -25.945 8.100 33.378 48.041 53.339 54.240
41.830 44.571 42.961 36.934 29.093 18.036 6.807 -1.948 -9.206 -13.483 -14.928 -15.261 -15.261 -13.505 -9.977 -9.699 -16.722 -29.607 -42.711 -43.684 -29.665 -11.133 0.054 4.569 4.778 -0.034 -8.642 -22.605 -41.892 -56.508 -59.543 -54.097 -44.235 -32.786 -22.163 -13.570 -6.987 -2.673 -0.560 0.142 0.177 0.096 0.067 0.038 0.011 0.008 0.120 1.244 7.506 27.429 60.559 78.870 64.039 44.164 37.267 38.420 44.229 56.344 76.739 102.106 120.331 123.022 111.227 84.523 45.156 5.693 -15.712 -17.396 -13.476 -7.195 3.563 10.798 8.373 0.552 -6.726 -6.513 0.158 9.989 23.484 39.407 54.671 68.140 77.258 77.179 67.816 49.105 23.426 -4.004 -26.262 -38.109 -35.698 -17.276 11.799 48.702 97.118 143.563 149.763 114.018 70.309 25.002 -24.294 -65.995 -91.199 -98.794 -93.940 -82.340 -65.593 -50.223 -44.728 -49.096 -64.647 -83.735 -83.797 -63.629 -34.535 -4.669 22.549 41.401 50.202 52.931
39.416 40.585 41.155 40.064 34.048 21.243 7.762 -2.297 -9.024 -11.542 -10.712 -8.703 -8.109 -8.616 -8.153 -11.040 -21.764 -34.946 -42.086 -37.385 -21.439 -2.777 8.304 13.075 13.448 7.791 -3.276 -20.154 -39.702 -51.670 -54.057 -49.954 -40.646 -28.798 -18.033 -10.336 -5.264 -2.176 -0.589 0.038 0.107 0.038 0.010 0.003 0.001 0.000 0.008 0.124 1.165 6.442 20.284 35.382 37.217 31.903 32.010 37.441 45.806 58.710 79.503 103.948 117.227 112.288 91.994 58.886 21.071 -11.176 -25.590 -22.705 -17.204 -11.018 -0.042 6.252 -0.365 -10.260 -14.875 -12.277 -5.910 3.045 15.901 31.489 46.292 57.950 65.601 67.428 60.775 44.439 22.258 -0.815 -19.600 -29.143 -25.646 -8.012 18.651 52.502 96.829 138.956 143.399 107.434 62.489 13.423 -41.204 -86.046 -113.154 -121.377 -113.654 -95.594 -73.320 -55.588 -47.997 -49.793 -61.904 -76.253 -74.541 -59.392 -38.640 -14.634 10.261 31.287 44.414 49.729
23.785 24.586 30.348 38.746 37.187 23.657 8.981 -1.234 -6.987 -8.544 -7.058 -4.343 -3.184 -4.451 -6.564 -12.914 -25.708 -36.156 -37.533 -29.683 -14.190 3.061 14.254 20.028 21.350 16.224 3.817 -14.596 -32.729 -42.952 -45.497 -42.100 -33.282 -22.487 -13.621 -7.783 -4.078 -1.767 -0.496 0.035 0.089 0.024 0.003 0.000 0.000 0.000 0.000 0.007 0.108 0.880 3.816 8.714 11.665 13.571 20.361 31.118 43.246 57.269 76.167 95.927 103.062 91.372 65.993 33.684 3.309 -19.943 -29.447 -25.731 -21.003 -15.021 -3.179 2.281 -8.917 -23.725 -27.330 -21.497 -13.851 -4.637 8.024 23.301 37.716 48.191 54.580 57.238 52.846 39.025 20.149 1.226 -13.887 -20.587 -16.024 -0.537 22.825 53.262 92.823 129.937 133.447 98.709 50.548 -4.027 -60.663 -103.316 -127.407 -134.904 -126.899 -104.877 -77.867 -57.648 -46.323 -43.068 -52.061 -65.530 -65.298 -53.205 -35.741 -15.699 3.618 21.014 32.817 36.330
-0.708 2.520 13.977 29.380 32.970 22.785 9.985 0.759 -4.129 -5.176 -3.949 -1.886 -0.426 -1.329 -5.422 -13.927 -25.428 -32.033 -30.366 -21.786 -7.774 7.636 18.993 25.409 27.106 22.565 9.992 -7.784 -22.788 -31.680 -34.918 -32.271 -24.670 -16.399 -10.266 -6.044 -3.009 -1.024 -0.110 0.116 0.075 0.016 0.001 0.000 0.000 0.000 0.000 0.000 0.005 0.059 0.299 0.639 0.500 1.529 7.695 19.540 34.364 49.545 65.498 78.791 81.705 69.912 46.668 19.735 -4.169 -22.465 -30.937 -29.188 -25.643 -17.542 -2.560 2.991 -11.845 -33.779 -40.795 -34.575 -25.839 -15.050 -1.305 14.258 28.670 38.936 44.875 47.782 45.135 33.765 17.811 2.336 -9.646 -14.082 -8.869 4.615 24.850 51.795 86.552 119.005 122.746 90.136 37.275 -24.418 -83.312 -122.253 -136.869 -137.644 -126.576 -98.841 -66.838 -47.043 -35.536 -29.623 -38.303 -54.757 -57.826 -47.264 -29.863 -10.257 6.155 18.172 21.002 14.689
-12.572 -6.854 5.074 17.837 23.062 18.581 9.789 2.339 -1.569 -2.230 -1.545 -0.484 0.736 0.059 -5.046 -13.946 -22.509 -25.873 -22.852 -14.216 -1.074 13.630 25.139 30.844 31.398 26.063 13.833 -0.808 -11.985 -19.927 -24.243 -23.205 -17.473 -11.514 -7.324 -4.067 -1.377 0.223 0.535 0.271 0.068 0.009 0.001 0.000 0.000 0.000 0.000 0.000 0.000 0.000 -0.020 -0.257 -1.154 -1.883 0.641 9.178 22.762 37.627 52.013 61.957 63.763 55.581 37.856 15.908 -5.106 -22.929 -34.161 -35.853 -30.151 -16.553 -0.294 3.139 -14.377 -40.580 -51.355 -48.332 -41.313 -30.155 -15.066 1.744 17.115 28.320 35.259 38.937 37.252 28.239 15.426 3.025 -6.404 -9.528 -4.502 7.356 25.026 48.605 78.737 106.863 110.506 79.435 23.531 -42.434 -103.222 -140.981 -148.572 -139.096 -115.263 -74.387 -37.899 -24.103 -19.897 -18.474 -29.327 -47.222 -51.790 -42.030 -24.322 -3.587 13.570 23.428 18.296 2.049
-15.128 -6.470 3.699 10.062 12.930 12.012 7.532 2.784 0.022 -0.590 -0.383 0.026 0.753 0.284 -3.844 -11.229 -17.733 -19.591 -16.012 -7.358 5.588 20.464 31.974 36.171 34.931 28.316 16.758 5.507 -2.967 -9.721 -14.062 -14.014 -9.466 -5.080 -2.648 -0.808 0.777 1.349 0.936 0.347 0.064 0.005 0.000 0.000 0.000 0.000 0.000 0.000 -0.000 -0.001 -0.017 -0.200 -0.958 -1.886 -0.904 4.747 15.613 28.720 42.232 51.975 54.545 49.099 35.032 15.433 -5.191 -24.681 -40.303 -44.294 -32.133 -11.777 2.023 0.612 -17.902 -43.421 -56.467 -56.794 -52.953 -44.966 -30.633 -12.621 4.259 17.036 25.538 29.686 27.885 21.204 12.294 3.218 -3.735 -5.764 -1.417 8.673 23.901 44.281 70.403 95.292 98.599 68.074 11.428 -55.602 -117.793 -158.275 -165.707 -147.289 -107.846 -53.749 -15.071 -6.127 -8.978 -13.407 -25.440 -41.723 -45.738 -36.515 -19.619 0.311 17.195 25.656 16.100 -5.227
-17.557 -6.031 3.043 5.545 5.805 5.381 3.787 1.942 0.519 -0.040 -0.066 0.056 0.337 0.138 -1.941 -6.699 -11.978 -13.540 -9.871 -1.429 11.120 25.530 36.613 40.421 38.490 31.372 20.618 10.527 2.552 -3.353 -6.545 -5.409 -0.540 2.716 3.147 2.831 2.483 1.796 0.911 0.287 0.047 0.003 0.000 0.000 0.000 0.000 0.000 0.000 -0.000 -0.000 -0.012 -0.153 -0.727 -1.368 -0.522 4.006 13.176 24.339 35.569 44.231 47.712 44.762 32.883 13.608 -8.275 -29.294 -46.051 -48.300 -30.753 -7.995 2.308 -2.826 -19.715 -41.021 -56.137 -59.353 -57.048 -51.625 -38.862 -21.043 -3.908 9.502 18.516 21.816 18.988 13.893 8.522 2.641 -2.092 -3.136 0.606 9.066 22.048 39.666 62.960 85.914 88.251 57.831 2.837 -63.916 -127.903 -173.234 -183.812 -158.242 -107.830 -47.303 -6.368 4.567 -0.558 -9.643 -22.379 -36.361 -39.298 -30.528 -15.214 1.968 16.054 20.486 7.185 -13.790
-15.199 -5.631 0.954 2.143 1.843 1.472 1.084 0.742 0.306 0.038 -0.007 0.013 0.065 -0.002 -0.792 -3.461 -7.113 -7.739 -3.918 3.735 15.381 29.193 40.802 46.293 44.175 35.227 23.856 13.571 5.342 -0.297 -2.731 -0.729 4.230 6.704 6.005 4.452 2.987 1.697 0.693 0.173 0.024 0.002 0.000 0.000 0.000 0.000 0.000 0.000 0.000 -0.000 -0.010 -0.121 -0.562 -0.978 -0.113 3.632 11.743 22.201 30.934 36.298 38.976 37.774 27.467 8.252 -14.337 -34.557 -48.231 -46.677 -27.192 -6.286 1.144 -5.069 -18.735 -34.382 -50.237 -57.783 -56.877 -51.759 -39.959 -23.330 -7.161 5.914 14.657 16.898 13.450 9.124 5.538 1.811 -1.119 -1.421 1.822 9.043 20.335 35.979 57.396 78.235 77.988 47.309 -4.867 -69.636 -133.555 -181.093 -192.814 -161.188 -104.417 -44.638 -4.321 10.395 6.694 -5.308 -19.039 -31.167 -33.158 -25.060 -11.726 2.622 13.391 12.119 -5.044 -22.388
-8.250 -3.466 -0.222 0.408 0.337 0.231 0.171 0.144 0.071 0.012 0.000 0.001 0.004 -0.029 -0.433 -2.097 -4.212 -3.391 0.759 7.364 18.003 31.681 44.896 53.124 50.795 38.756 25.538 14.893 6.629 1.077 -1.242 0.654 5.133 7.163 6.223 4.482 2.859 1.512 0.544 0.106 0.010 0.000 0.000 0.000 0.000 0.000 0.000 0.000 0.000 -0.000 -0.008 -0.101 -0.465 -0.774 -0.045 2.754 9.934 20.826 28.942 31.944 32.851 31.052 20.866 2.530 -18.488 -36.582 -47.628 -44.183 -24.737 -5.722 0.233 -5.906 -17.156 -28.245 -43.234 -55.205 -56.185 -50.613 -39.220 -23.601 -8.387 4.119 12.471 14.318 11.016 7.140 4.099 1.386 -0.369 -0.259 2.548 9.049 19.505 34.138 54.202 72.829 70.215 39.409 -10.666 -73.134 -135.640 -182.800 -193.483 -156.884 -96.078 -40.231 -3.866 11.817 9.733 -2.886 -16.748 -27.601 -28.946 -21.420 -9.687 2.822 11.653 7.178 -11.830 -26.637

# Top 10 maximum values:
# Index_r, Index_theta, r_value, theta_value, z_value
36, 50, 7.300000, 2.644174, 156.271032
39, 50, 7.900000, 2.644174, 159.228322
35, 48, 7.100000, 2.539454, 163.327997
36, 48, 7.300000, 2.539454, 165.042347
37, 50, 7.500000, 2.644174, 168.013742
35, 49, 7.100000, 2.591814, 169.318645
38, 49, 7.700000, 2.591814, 174.212305
38, 50, 7.700000, 2.644174, 174.395553
36, 49, 7.300000, 2.591814, 180.672808
37, 49, 7.500000, 2.591814, 185.053965

# Analysis of potential symmetric artifacts:
# Found 6 local maxima
# Local maxima (r, theta, z_value, angle_degrees):
5.1000, 5.6287, 116.797295, 322.50°
5.9000, 5.4716, 99.760089, 313.50°
7.3000, 2.5918, 180.672808, 148.50°
7.3000, 4.2673, 110.334183, 244.50°
8.1000, 3.2201, 124.219657, 184.50°
8.3000, 5.0527, 149.763401, 289.50°

# Potential symmetric pairs (difference close to π):
# Pair 1 and 3: Angles 322.50° and 148.50°
# - Angular difference: 174.00° (π = 180°)
# - Radii: 5.10 and 7.30
# - Z values: 116.797295 and 180.672808

# Pair 2 and 3: Angles 313.50° and 148.50°
# - Angular difference: 165.00° (π = 180°)
# - Radii: 5.90 and 7.30
# - Z values: 99.760089 and 180.672808

