# Z-Grid Data for Iteration 0
# Shape: (50, 120)
# Min value: -298.7114433608868
# Max value: 470.2829696003677
# Average value: -10.356415414356137

# Radial edges (r_edges):
0.000
0.200
0.400
0.600
0.800
1.000
1.200
1.400
1.600
1.800
2.000
2.200
2.400
2.600
2.800
3.000
3.200
3.400
3.600
3.800
4.000
4.200
4.400
4.600
4.800
5.000
5.200
5.400
5.600
5.800
6.000
6.200
6.400
6.600
6.800
7.000
7.200
7.400
7.600
7.800
8.000
8.200
8.400
8.600
8.800
9.000
9.200
9.400
9.600
9.800
10.000

# Angular edges (theta_edges):
0.000
0.052
0.105
0.157
0.209
0.262
0.314
0.367
0.419
0.471
0.524
0.576
0.628
0.681
0.733
0.785
0.838
0.890
0.942
0.995
1.047
1.100
1.152
1.204
1.257
1.309
1.361
1.414
1.466
1.518
1.571
1.623
1.676
1.728
1.780
1.833
1.885
1.937
1.990
2.042
2.094
2.147
2.199
2.251
2.304
2.356
2.409
2.461
2.513
2.566
2.618
2.670
2.723
2.775
2.827
2.880
2.932
2.985
3.037
3.089
3.142
3.194
3.246
3.299
3.351
3.403
3.456
3.508
3.560
3.613
3.665
3.718
3.770
3.822
3.875
3.927
3.979
4.032
4.084
4.136
4.189
4.241
4.294
4.346
4.398
4.451
4.503
4.555
4.608
4.660
4.712
4.765
4.817
4.869
4.922
4.974
5.027
5.079
5.131
5.184
5.236
5.288
5.341
5.393
5.445
5.498
5.550
5.603
5.655
5.707
5.760
5.812
5.864
5.917
5.969
6.021
6.074
6.126
6.178
6.231
6.283

# Z-Grid matrix (rows = radii, columns = angles):
-34.340 -32.835 -30.863 -28.522 -25.575 -21.894 -19.037 -17.802 -17.285 -17.136 -18.003 -19.688 -20.714 -20.848 -20.633 -20.504 -20.957 -21.915 -22.259 -20.458 -16.353 -12.513 -10.195 -8.842 -8.301 -7.673 -7.181 -7.110 -7.517 -8.630 -9.317 -9.249 -9.123 -9.302 -10.256 -11.849 -13.071 -14.315 -16.465 -19.697 -23.128 -24.660 -24.785 -24.667 -24.523 -24.514 -24.621 -24.791 -25.037 -25.210 -25.289 -25.774 -26.582 -26.941 -27.006 -27.244 -27.637 -27.871 -27.976 -28.184 -28.519 -29.438 -30.764 -30.801 -29.109 -27.256 -26.601 -27.169 -28.086 -28.052 -26.989 -25.748 -25.428 -26.239 -27.555 -28.198 -27.866 -27.123 -26.714 -26.678 -26.708 -26.207 -25.203 -25.605 -27.939 -30.552 -33.133 -36.372 -39.880 -43.502 -45.328 -44.630 -43.702 -43.493 -43.555 -43.467 -42.903 -42.274 -42.869 -44.664 -46.177 -46.316 -45.443 -45.068 -46.454 -48.195 -46.621 -43.087 -41.020 -40.484 -40.350 -40.227 -40.097 -40.113 -40.412 -40.498 -39.793 -38.792 -37.746 -36.731
-49.269 -46.396 -42.717 -38.744 -35.177 -31.949 -29.178 -27.408 -25.857 -24.536 -24.330 -24.885 -25.119 -24.732 -23.887 -23.339 -23.984 -25.826 -27.425 -26.859 -23.561 -19.425 -16.107 -13.600 -11.983 -10.104 -8.902 -8.920 -9.500 -10.847 -11.199 -9.986 -8.793 -8.368 -9.424 -11.627 -13.351 -15.093 -17.996 -21.606 -24.582 -25.654 -25.918 -26.042 -25.655 -25.391 -25.367 -25.601 -26.224 -26.488 -26.083 -26.229 -26.684 -26.218 -25.634 -25.745 -26.279 -26.593 -26.825 -27.556 -28.328 -29.597 -31.375 -31.530 -29.543 -27.400 -26.719 -27.460 -28.600 -28.549 -27.496 -27.060 -28.146 -29.990 -31.736 -32.482 -32.439 -32.363 -32.706 -33.466 -34.737 -35.900 -36.826 -39.316 -42.195 -44.019 -46.772 -51.375 -55.221 -58.114 -60.251 -60.833 -60.797 -61.208 -62.203 -63.237 -63.689 -63.792 -65.106 -67.826 -70.329 -71.193 -70.427 -69.427 -69.377 -69.888 -68.115 -64.045 -61.174 -60.365 -60.073 -59.556 -58.976 -58.959 -59.680 -59.948 -58.910 -57.371 -55.564 -53.709
-59.466 -56.186 -52.165 -47.819 -43.978 -41.279 -39.270 -37.802 -35.894 -34.100 -33.342 -32.841 -31.942 -30.814 -29.255 -28.063 -28.628 -31.391 -34.882 -36.221 -34.632 -31.730 -29.102 -26.698 -24.347 -21.467 -19.448 -18.617 -17.880 -18.169 -17.915 -15.724 -12.912 -10.717 -10.531 -11.810 -12.748 -13.705 -15.746 -19.078 -22.717 -24.926 -26.301 -27.190 -27.003 -26.675 -26.162 -26.069 -26.878 -26.793 -25.430 -24.582 -23.646 -21.547 -19.829 -19.482 -20.031 -20.719 -21.240 -22.283 -23.144 -23.859 -24.878 -25.373 -24.823 -23.371 -21.900 -21.266 -21.478 -21.649 -21.091 -21.372 -24.024 -26.640 -27.558 -27.435 -27.965 -29.643 -31.977 -35.055 -39.082 -43.325 -46.808 -49.877 -52.138 -53.715 -55.786 -59.503 -62.441 -63.944 -65.352 -66.557 -67.443 -68.966 -72.059 -75.879 -78.844 -80.804 -82.984 -85.783 -88.625 -90.926 -92.198 -92.123 -91.057 -89.769 -87.827 -84.784 -82.240 -81.066 -79.640 -77.000 -74.163 -72.746 -72.778 -72.470 -71.180 -69.443 -67.014 -64.472
-57.894 -55.483 -52.518 -48.910 -45.174 -42.873 -41.610 -41.168 -40.994 -41.238 -41.642 -41.133 -39.586 -38.076 -36.480 -34.975 -35.623 -39.391 -44.202 -45.841 -44.006 -41.850 -40.638 -39.425 -37.697 -34.901 -31.421 -28.058 -25.301 -25.289 -26.382 -25.596 -22.048 -17.199 -14.452 -13.517 -12.462 -12.137 -13.169 -15.899 -20.211 -23.897 -25.963 -26.798 -26.674 -26.405 -25.872 -25.929 -27.012 -26.851 -25.563 -24.467 -22.851 -20.700 -19.452 -19.371 -19.696 -20.501 -20.804 -20.754 -20.682 -20.311 -19.954 -20.046 -19.864 -17.207 -12.505 -9.040 -8.098 -8.345 -7.907 -8.202 -11.312 -13.993 -14.236 -13.611 -14.613 -17.613 -22.038 -27.956 -34.028 -39.119 -42.763 -45.020 -47.767 -50.844 -51.585 -52.341 -53.669 -54.148 -54.961 -56.877 -59.501 -63.539 -70.166 -77.730 -83.050 -86.575 -90.147 -94.034 -97.520 -101.227 -105.719 -109.038 -110.285 -110.484 -110.058 -107.810 -104.329 -101.391 -97.694 -91.963 -85.731 -80.901 -77.421 -74.225 -71.275 -68.047 -63.859 -60.362
-55.670 -53.144 -49.544 -44.899 -40.201 -37.692 -36.225 -35.680 -36.714 -38.374 -39.847 -40.775 -40.788 -40.324 -39.521 -38.416 -39.510 -43.774 -48.472 -49.352 -47.269 -46.500 -46.975 -47.095 -46.335 -42.367 -35.242 -29.359 -26.742 -28.142 -30.753 -31.301 -28.050 -21.528 -15.908 -12.347 -9.982 -10.063 -11.917 -14.644 -18.450 -22.110 -23.826 -23.464 -21.875 -21.340 -22.597 -24.483 -26.681 -27.988 -28.479 -28.034 -26.644 -26.117 -27.427 -28.623 -28.143 -27.663 -26.930 -25.409 -23.647 -21.131 -17.737 -14.020 -10.676 -5.960 0.783 5.550 6.855 8.021 10.221 10.496 8.126 6.645 6.261 5.103 2.253 -2.187 -8.263 -15.438 -21.271 -24.700 -26.447 -27.569 -30.575 -34.467 -34.790 -34.170 -35.476 -37.368 -40.065 -44.843 -52.574 -63.967 -78.064 -91.748 -101.827 -109.492 -115.661 -120.555 -123.850 -127.650 -133.644 -139.248 -142.793 -145.109 -146.117 -143.161 -136.970 -131.409 -125.880 -119.070 -111.765 -104.031 -95.207 -86.616 -79.458 -71.630 -62.591 -56.658
-58.662 -53.404 -46.843 -39.595 -33.029 -29.147 -26.116 -24.251 -24.880 -25.865 -26.705 -28.257 -30.338 -32.253 -33.581 -34.204 -35.890 -39.880 -43.933 -44.530 -43.586 -45.076 -48.348 -52.082 -53.281 -47.227 -36.037 -27.596 -24.417 -25.330 -27.154 -27.899 -26.221 -21.116 -15.263 -11.093 -9.395 -11.333 -14.522 -16.867 -18.881 -21.073 -22.502 -21.544 -18.624 -18.364 -21.459 -24.151 -26.083 -28.103 -29.803 -29.743 -29.161 -30.979 -34.843 -37.038 -36.286 -34.838 -33.332 -30.990 -27.034 -21.327 -14.347 -6.205 0.897 6.892 13.104 17.301 18.986 21.605 25.051 25.995 25.457 26.264 25.532 21.390 16.596 12.767 8.299 3.301 -0.311 -1.940 -3.417 -5.664 -8.926 -12.742 -14.901 -16.712 -21.719 -30.548 -40.924 -53.069 -69.600 -90.982 -113.257 -132.618 -147.761 -159.890 -167.007 -169.399 -169.436 -170.885 -174.935 -178.931 -180.889 -180.742 -179.423 -176.190 -170.826 -165.769 -160.564 -154.737 -148.835 -141.061 -129.462 -116.745 -104.872 -91.396 -76.589 -67.296
-68.115 -59.244 -48.489 -37.043 -27.709 -21.829 -16.836 -13.391 -13.004 -13.309 -12.951 -12.564 -13.399 -15.715 -19.130 -22.498 -25.125 -28.849 -32.633 -33.362 -33.007 -34.803 -39.651 -46.877 -49.887 -43.151 -31.058 -21.379 -16.986 -16.556 -17.527 -18.590 -17.963 -14.614 -11.653 -10.622 -10.639 -13.997 -19.253 -23.060 -24.724 -25.852 -27.069 -26.427 -24.108 -24.619 -27.557 -28.554 -27.989 -28.684 -29.707 -29.080 -29.531 -33.495 -38.725 -41.624 -41.536 -39.890 -37.559 -34.198 -28.979 -22.630 -16.562 -10.016 -3.142 3.732 9.842 14.097 17.571 21.865 25.873 27.440 28.859 31.980 31.914 27.540 23.656 22.466 22.183 22.228 22.486 21.781 18.047 12.367 6.594 0.560 -5.680 -12.133 -23.293 -42.661 -65.769 -89.500 -113.675 -137.152 -157.823 -174.317 -186.602 -194.968 -197.353 -194.931 -190.977 -188.750 -189.148 -190.078 -189.138 -186.107 -182.771 -180.253 -177.448 -174.752 -172.526 -170.678 -169.057 -165.677 -158.526 -148.093 -134.871 -119.129 -102.809 -92.464
-78.389 -67.315 -51.957 -34.819 -21.378 -12.892 -6.584 -2.261 -0.927 -0.956 -0.368 1.226 2.433 1.619 -2.205 -7.247 -10.514 -13.112 -15.750 -16.721 -16.507 -17.707 -22.741 -29.656 -31.698 -25.628 -16.268 -9.034 -5.831 -5.264 -5.987 -6.732 -5.606 -3.237 -3.657 -7.000 -10.216 -14.514 -20.478 -26.236 -29.963 -31.745 -32.790 -33.230 -33.882 -36.322 -38.946 -38.045 -34.538 -33.357 -33.469 -32.962 -34.683 -39.162 -44.155 -47.372 -47.927 -46.572 -43.732 -39.252 -34.054 -29.376 -26.033 -22.749 -17.649 -10.826 -5.140 -0.680 5.153 11.927 16.645 18.282 19.666 23.020 25.572 25.850 26.017 26.652 27.830 31.143 34.465 33.554 28.042 21.105 12.547 1.260 -11.512 -24.749 -42.764 -70.185 -102.110 -132.039 -155.273 -170.794 -182.038 -190.815 -196.304 -196.996 -192.645 -186.006 -179.879 -175.281 -172.603 -170.987 -168.915 -166.834 -164.753 -162.839 -160.317 -157.417 -156.583 -158.965 -163.456 -167.356 -168.726 -165.419 -155.807 -141.775 -126.342 -116.225
-85.825 -72.004 -51.379 -29.742 -12.060 0.338 7.499 10.678 11.516 11.448 11.566 12.425 13.446 12.734 9.152 4.875 2.665 2.776 3.345 3.171 2.888 1.026 -4.410 -9.451 -9.679 -5.501 -1.595 0.207 1.233 3.096 4.062 3.692 4.020 3.573 -0.288 -5.586 -10.009 -13.447 -17.261 -22.967 -28.556 -31.372 -33.202 -35.773 -39.865 -45.163 -49.655 -49.505 -45.409 -43.738 -44.644 -46.786 -50.594 -54.143 -56.681 -57.639 -56.575 -54.644 -51.448 -46.348 -40.768 -36.312 -32.841 -29.092 -23.932 -18.104 -13.838 -9.513 -2.100 7.120 13.390 15.021 14.008 14.420 18.576 23.873 28.657 31.301 31.856 33.820 36.206 33.813 27.276 19.971 9.296 -6.955 -26.366 -47.550 -72.911 -104.593 -136.046 -160.547 -174.868 -180.929 -183.948 -185.810 -185.190 -179.912 -170.967 -162.208 -156.020 -151.757 -148.644 -146.180 -144.086 -143.305 -141.631 -138.377 -134.957 -131.604 -130.501 -134.037 -141.503 -149.883 -157.808 -162.523 -160.232 -150.455 -135.455 -124.248
-88.426 -72.435 -46.750 -21.834 -1.265 14.509 22.166 22.935 21.770 20.922 20.497 20.483 20.025 17.812 14.514 12.466 12.353 14.891 19.179 22.019 22.039 19.093 13.943 10.102 9.275 10.290 9.779 7.905 7.715 11.001 13.514 12.116 8.749 2.855 -5.955 -12.662 -15.677 -15.758 -14.834 -16.810 -20.372 -23.384 -27.975 -33.656 -40.693 -49.856 -58.470 -61.732 -59.613 -59.148 -63.051 -69.121 -73.623 -73.753 -70.728 -66.204 -61.078 -57.484 -54.610 -49.978 -44.120 -38.613 -33.107 -26.988 -21.205 -17.293 -14.308 -8.838 0.083 10.983 20.096 23.720 22.468 21.862 26.819 34.377 40.458 43.284 42.313 39.669 37.345 32.798 25.136 15.796 2.796 -16.534 -41.108 -69.712 -102.520 -135.647 -159.775 -172.807 -178.237 -178.612 -175.782 -170.604 -163.547 -154.720 -144.938 -136.771 -131.853 -129.295 -127.728 -125.302 -122.262 -120.714 -118.463 -114.258 -110.509 -107.884 -106.638 -108.140 -113.281 -121.404 -132.205 -141.988 -145.537 -140.759 -128.376 -116.950
-82.288 -67.633 -41.440 -14.674 8.354 25.913 33.608 33.134 30.833 28.906 27.254 25.845 23.768 20.734 17.743 16.635 18.227 22.826 29.577 35.168 35.888 32.149 28.194 25.868 24.078 23.088 21.886 20.648 21.320 25.083 27.478 24.088 16.345 4.687 -10.160 -21.570 -26.612 -25.552 -20.200 -15.734 -14.552 -18.360 -27.316 -36.708 -46.330 -58.307 -69.654 -76.008 -75.991 -75.522 -79.957 -86.609 -88.816 -83.667 -74.747 -65.826 -58.591 -55.513 -54.270 -49.889 -43.298 -36.308 -29.094 -22.151 -17.350 -14.913 -11.219 -3.581 6.731 18.775 30.352 36.238 36.705 37.174 42.169 49.904 54.959 55.861 52.832 46.874 41.189 36.274 28.205 15.868 -0.771 -23.582 -51.959 -86.278 -124.717 -156.767 -172.203 -175.467 -175.050 -172.081 -164.967 -152.797 -138.181 -126.890 -119.403 -114.398 -111.862 -110.492 -108.996 -105.045 -100.044 -97.430 -95.460 -92.329 -89.271 -87.610 -86.576 -85.547 -87.102 -93.928 -105.463 -116.112 -120.952 -119.617 -112.704 -104.811
-69.720 -59.130 -37.127 -10.297 15.107 33.753 41.862 42.109 39.941 36.925 33.079 29.073 25.055 21.121 18.494 18.416 21.421 27.262 34.177 39.400 40.399 37.515 34.700 33.753 33.736 35.154 37.408 39.670 42.015 45.500 47.723 44.119 34.219 18.363 -1.958 -20.150 -31.896 -35.205 -29.973 -22.511 -20.235 -26.998 -40.159 -52.147 -62.218 -73.838 -85.359 -92.529 -92.145 -89.771 -92.222 -95.464 -93.002 -83.147 -70.375 -59.403 -51.907 -50.398 -50.354 -44.835 -36.456 -28.801 -22.224 -17.036 -14.850 -12.910 -6.827 2.387 11.942 22.421 33.569 41.607 46.029 49.067 53.096 58.194 60.905 59.517 53.661 45.303 38.827 36.488 32.054 21.091 3.248 -22.657 -55.399 -95.229 -136.871 -167.472 -177.890 -175.118 -169.454 -163.332 -153.628 -136.712 -115.925 -101.217 -94.073 -91.615 -91.199 -89.433 -86.387 -81.269 -74.975 -71.046 -68.841 -67.000 -65.635 -65.677 -66.127 -65.160 -65.551 -71.607 -82.586 -92.502 -97.151 -97.880 -96.238 -93.802
-56.592 -49.317 -31.547 -5.888 19.488 38.151 47.746 50.057 48.475 45.029 39.218 32.302 25.914 19.527 15.886 16.561 20.082 24.833 29.678 33.793 36.461 37.076 36.442 37.113 41.060 48.662 57.593 63.990 66.345 67.835 70.209 69.439 60.999 42.903 17.703 -6.835 -25.757 -35.571 -35.340 -33.002 -35.420 -43.937 -58.178 -72.317 -82.368 -91.007 -100.711 -107.725 -106.970 -104.105 -105.286 -103.922 -94.988 -80.640 -65.870 -53.376 -44.464 -41.887 -40.813 -34.419 -25.401 -18.400 -14.383 -12.325 -12.061 -10.054 -3.165 5.560 12.579 19.129 27.670 38.324 47.723 53.661 56.393 56.869 56.332 53.166 45.255 36.038 30.964 32.164 32.631 25.475 9.948 -14.624 -50.224 -96.747 -141.853 -172.028 -181.656 -176.733 -166.175 -155.183 -141.636 -121.446 -97.264 -78.973 -69.781 -66.251 -64.277 -61.121 -57.526 -52.615 -45.303 -39.028 -35.534 -34.094 -34.438 -36.533 -39.867 -42.645 -45.915 -52.348 -61.096 -68.653 -73.407 -77.229 -80.000 -81.104
-43.418 -38.572 -23.120 1.540 25.256 43.122 53.669 56.010 52.822 48.747 41.892 33.129 24.893 16.135 10.434 10.094 12.324 14.621 17.575 23.050 29.947 35.553 38.684 41.542 48.706 61.613 76.134 85.534 87.323 86.198 87.100 88.071 82.301 64.501 36.898 8.173 -16.101 -31.264 -38.438 -46.254 -55.797 -63.549 -74.468 -89.994 -102.309 -108.350 -114.566 -121.190 -122.366 -120.311 -119.441 -113.650 -99.206 -81.495 -65.281 -50.531 -38.171 -30.531 -25.317 -19.025 -13.390 -11.247 -11.842 -12.464 -12.287 -9.691 -3.936 2.491 6.712 10.282 17.624 30.199 42.499 50.250 51.702 48.177 45.726 42.362 35.268 28.838 26.548 29.320 31.679 26.572 13.286 -8.178 -43.697 -94.834 -143.550 -174.344 -184.062 -178.287 -163.996 -146.924 -127.188 -102.846 -77.443 -58.489 -48.063 -41.213 -34.576 -28.732 -24.055 -18.812 -10.925 -2.895 1.917 3.136 0.665 -4.283 -11.203 -18.975 -27.203 -35.322 -41.396 -45.568 -50.329 -57.416 -63.888 -66.892
-32.103 -30.362 -16.433 9.206 33.151 49.679 58.128 56.510 48.476 42.166 35.593 27.760 19.152 8.962 2.120 0.984 2.167 2.892 4.812 11.849 22.684 33.172 41.532 48.509 58.869 73.842 88.336 97.750 100.217 98.345 97.121 96.706 91.168 73.386 45.124 15.376 -10.649 -29.676 -45.527 -62.688 -77.911 -87.233 -96.260 -110.980 -124.051 -128.622 -130.621 -134.960 -137.595 -135.033 -130.225 -120.728 -103.190 -83.693 -66.469 -50.065 -34.203 -20.845 -10.577 -3.236 -2.060 -7.486 -14.571 -18.210 -17.524 -14.353 -10.201 -6.638 -5.427 -2.956 5.711 18.779 30.256 37.466 38.788 35.544 34.758 33.544 29.405 26.933 26.693 28.547 29.621 24.750 13.333 -5.603 -39.711 -90.542 -138.314 -168.014 -177.228 -171.168 -155.116 -133.703 -109.343 -82.314 -56.610 -37.033 -24.768 -15.419 -5.554 3.775 11.801 18.365 25.830 33.609 38.272 38.590 33.614 25.155 14.553 2.550 -10.075 -20.749 -26.775 -29.947 -35.338 -44.456 -52.681 -56.347
-25.471 -25.821 -13.562 14.001 40.253 54.141 56.300 48.283 34.728 25.357 20.241 14.847 6.543 -3.763 -9.795 -10.324 -8.707 -8.241 -6.089 2.512 15.068 28.533 42.527 56.005 70.648 85.210 96.046 102.979 105.521 104.153 102.378 100.296 93.969 76.400 47.768 17.939 -7.140 -28.612 -52.936 -77.058 -94.670 -107.886 -121.185 -137.004 -148.784 -151.235 -149.417 -149.856 -150.410 -145.091 -135.850 -123.121 -103.822 -83.691 -65.794 -47.739 -29.452 -13.869 -2.554 4.180 1.941 -8.386 -20.064 -25.937 -23.754 -19.118 -16.095 -15.771 -17.562 -15.085 -5.547 4.670 11.154 15.968 19.771 21.598 25.580 28.687 28.668 28.254 28.176 29.198 29.351 24.622 15.097 -1.654 -34.258 -82.611 -126.564 -153.594 -162.674 -157.738 -141.500 -117.823 -91.420 -64.307 -38.250 -15.938 0.230 13.150 26.713 39.506 50.208 58.573 66.787 73.607 76.050 74.059 66.640 54.664 39.861 23.706 6.649 -8.703 -18.765 -23.947 -30.543 -40.646 -48.538 -51.076
-21.560 -22.948 -12.799 16.001 44.377 55.100 49.357 34.168 15.319 2.647 -0.536 -2.863 -10.477 -19.475 -23.242 -22.830 -21.126 -20.408 -16.465 -5.645 7.261 20.979 38.136 57.977 77.098 91.022 99.977 105.594 107.334 106.579 106.175 103.426 95.505 78.575 51.052 21.646 -2.441 -25.193 -54.263 -81.603 -98.598 -113.494 -132.937 -154.748 -169.001 -169.782 -163.558 -158.054 -152.446 -143.564 -133.263 -120.483 -101.744 -82.448 -63.318 -41.931 -22.420 -9.198 -1.550 1.951 -1.510 -11.356 -23.541 -30.999 -29.448 -24.957 -23.648 -26.513 -29.382 -25.856 -17.361 -11.566 -9.131 -4.494 2.932 9.883 17.714 23.891 27.859 29.638 30.795 33.612 35.242 31.015 21.898 6.294 -24.382 -70.073 -112.313 -139.099 -149.054 -145.508 -129.823 -105.278 -76.526 -47.034 -19.524 4.062 23.852 43.490 64.611 82.868 96.097 106.516 116.577 123.278 122.491 115.920 104.998 89.408 69.906 48.870 26.375 3.906 -13.753 -24.157 -32.991 -42.709 -47.740 -47.434
-25.648 -25.356 -13.134 16.835 44.735 52.887 44.053 26.369 4.227 -12.718 -17.618 -18.458 -24.772 -32.742 -36.023 -35.708 -34.514 -32.882 -26.254 -14.252 -2.268 10.235 28.059 51.851 74.763 90.342 100.744 107.968 111.480 112.920 114.010 109.643 97.641 79.168 53.918 26.339 1.900 -21.374 -49.253 -75.564 -93.020 -110.152 -133.355 -158.836 -176.496 -178.828 -170.195 -158.009 -144.577 -131.910 -123.070 -113.822 -99.180 -81.796 -60.158 -34.323 -14.038 -4.948 -2.107 -1.324 -3.468 -9.244 -18.869 -28.157 -31.943 -32.575 -35.197 -40.731 -43.388 -39.115 -32.241 -28.078 -24.693 -17.823 -8.885 0.167 10.231 18.888 26.832 32.000 35.520 40.614 43.826 39.603 30.274 15.736 -12.312 -55.196 -98.497 -128.471 -139.995 -137.144 -122.448 -98.039 -65.359 -28.510 3.960 29.310 52.392 78.283 107.213 133.590 152.728 165.696 175.219 180.315 176.001 163.806 147.992 129.063 105.717 78.564 48.862 18.957 -6.758 -24.316 -37.158 -46.913 -49.822 -48.317
-39.803 -33.113 -12.790 19.314 45.931 54.018 47.022 29.751 5.215 -15.632 -24.809 -26.054 -29.413 -36.138 -41.332 -42.838 -43.361 -41.784 -33.562 -21.658 -10.260 2.623 20.837 44.957 69.205 86.279 97.393 106.426 113.818 118.881 120.513 113.938 97.600 76.385 52.762 26.582 1.620 -20.815 -45.090 -69.295 -89.110 -110.003 -134.293 -156.382 -171.727 -177.634 -171.757 -154.749 -134.001 -117.879 -109.784 -103.635 -92.618 -76.565 -54.113 -27.057 -7.353 -1.538 -1.090 -0.284 -0.552 -3.515 -10.753 -20.156 -27.806 -33.443 -39.627 -46.603 -51.039 -50.025 -45.401 -40.413 -35.012 -27.651 -20.597 -13.064 -0.223 15.002 28.853 37.024 40.903 46.092 50.532 47.485 38.847 24.307 -1.868 -41.407 -85.808 -119.375 -132.962 -131.129 -118.325 -94.882 -58.843 -13.854 27.469 60.298 89.552 119.816 152.967 185.995 213.297 230.836 238.396 238.741 230.321 213.849 193.552 170.601 142.323 107.720 69.668 33.567 3.093 -19.249 -36.041 -48.651 -54.638 -55.731
-52.116 -39.518 -11.979 22.138 48.367 57.990 52.993 35.143 9.805 -11.507 -24.563 -28.031 -26.578 -29.136 -35.740 -40.660 -44.754 -45.145 -37.271 -24.967 -11.971 3.184 21.083 41.206 62.572 79.322 90.211 99.154 108.225 115.430 116.808 109.664 92.949 71.829 48.822 22.416 -2.155 -23.013 -44.603 -67.253 -89.523 -112.776 -135.526 -151.950 -161.396 -167.644 -165.059 -146.802 -121.451 -102.255 -93.186 -87.657 -77.575 -62.068 -42.969 -22.150 -7.969 -4.684 -3.488 0.094 2.460 1.621 -3.041 -10.176 -18.155 -26.267 -34.680 -42.574 -50.180 -54.321 -51.935 -45.658 -39.190 -33.827 -31.281 -27.563 -12.977 9.017 28.326 39.675 44.773 49.585 55.079 55.235 48.148 32.203 6.316 -31.204 -76.427 -113.044 -130.026 -130.231 -118.883 -96.241 -59.543 -9.888 40.742 84.830 124.951 164.339 202.349 237.443 270.074 294.086 301.613 295.072 279.980 258.050 232.533 203.720 168.082 125.579 80.025 39.526 8.177 -15.046 -33.011 -47.470 -58.259 -63.444
-55.450 -39.140 -8.465 25.333 49.234 57.188 51.332 33.476 11.623 -5.176 -18.835 -24.890 -21.210 -20.432 -28.260 -36.770 -42.526 -42.905 -35.424 -23.224 -9.090 8.054 25.227 38.879 54.038 69.524 80.746 88.893 97.981 105.915 107.924 102.644 88.735 70.915 50.127 24.538 -0.291 -21.049 -40.346 -61.254 -84.475 -107.799 -129.130 -144.093 -150.402 -151.970 -146.714 -129.515 -103.908 -81.986 -70.460 -64.730 -56.681 -44.005 -31.247 -20.528 -14.485 -13.474 -10.362 -2.456 4.930 9.176 9.758 5.828 -3.416 -15.960 -28.760 -40.160 -50.640 -57.333 -56.595 -50.125 -42.076 -37.267 -38.574 -39.051 -27.224 -4.848 17.437 34.419 45.827 54.733 62.813 64.853 56.789 38.527 11.767 -25.729 -72.386 -112.934 -135.400 -138.437 -126.079 -102.286 -66.160 -15.311 42.363 98.498 153.492 208.028 254.958 290.305 320.861 345.157 351.713 339.267 316.639 287.252 254.686 219.322 178.052 129.652 77.930 34.453 5.109 -15.289 -31.262 -44.111 -56.531 -64.652
-50.953 -31.574 -1.379 28.512 47.121 50.148 42.588 26.358 8.545 -4.176 -16.105 -22.212 -19.877 -20.718 -29.684 -38.569 -41.036 -36.455 -26.431 -14.774 -2.381 12.657 26.491 34.174 44.607 59.220 70.355 78.089 87.742 96.316 100.583 99.674 90.056 76.035 59.128 37.649 13.862 -7.290 -25.005 -44.557 -66.627 -88.192 -109.770 -128.003 -135.447 -130.874 -119.140 -102.896 -78.924 -54.779 -41.195 -37.204 -35.199 -29.605 -24.554 -21.900 -21.362 -20.971 -14.982 -2.352 10.696 21.391 27.829 25.924 13.144 -6.064 -25.389 -42.756 -55.750 -61.926 -62.215 -58.180 -51.273 -47.840 -51.420 -52.918 -43.796 -24.343 -0.183 23.573 43.328 59.880 71.885 72.924 61.525 41.796 14.954 -22.198 -70.018 -115.172 -143.476 -149.644 -135.686 -108.824 -71.690 -20.852 41.723 108.860 178.946 249.955 308.101 344.828 368.855 384.964 385.513 367.651 338.536 302.600 263.158 220.820 174.969 123.335 70.177 27.448 -0.221 -18.540 -32.244 -42.014 -51.241 -57.654
-41.128 -21.868 3.373 26.632 39.465 38.867 32.446 19.839 4.142 -8.822 -20.890 -26.612 -26.300 -30.234 -37.331 -40.914 -36.942 -25.375 -11.034 -0.099 8.293 17.714 24.886 27.729 36.209 49.983 59.823 67.416 77.802 86.955 94.486 99.712 96.168 86.485 73.517 56.728 35.985 16.450 0.343 -18.008 -38.120 -57.694 -79.338 -99.659 -107.933 -100.997 -87.809 -72.921 -49.694 -24.665 -12.434 -12.997 -18.187 -20.042 -20.360 -21.499 -23.781 -23.327 -14.663 1.451 18.473 33.979 43.489 40.763 24.106 -0.116 -24.070 -45.625 -61.426 -68.024 -68.967 -68.507 -67.306 -68.584 -72.644 -71.599 -62.329 -44.499 -18.443 11.098 37.692 59.731 72.867 71.854 59.288 40.636 15.937 -17.959 -64.476 -113.040 -145.974 -155.349 -141.343 -111.591 -71.950 -20.062 46.693 123.292 206.217 290.176 357.225 394.777 411.355 417.020 409.013 384.321 348.278 306.944 263.335 215.761 163.875 109.072 58.877 20.530 -7.028 -25.826 -36.848 -41.536 -44.519 -46.499
-28.631 -10.952 9.814 26.809 34.255 31.514 25.358 14.027 -0.061 -11.389 -23.525 -32.130 -35.019 -40.967 -44.867 -41.235 -30.480 -13.266 3.483 12.004 16.133 22.543 26.245 24.327 26.766 35.326 42.251 49.903 62.158 74.035 86.087 97.319 100.215 96.455 88.532 75.235 57.275 41.218 27.662 11.041 -7.387 -26.032 -46.526 -63.824 -69.771 -64.566 -55.271 -42.330 -21.240 0.848 8.671 3.805 -4.710 -11.171 -14.835 -18.379 -23.802 -24.310 -13.969 4.278 23.323 40.465 50.330 46.638 28.295 2.107 -23.663 -46.519 -64.088 -73.064 -77.052 -81.488 -87.513 -93.065 -94.459 -89.148 -78.568 -61.391 -34.815 -2.015 29.655 54.947 67.883 67.051 56.566 39.538 16.348 -14.141 -57.492 -108.114 -146.372 -160.558 -148.772 -118.143 -75.494 -19.010 54.843 140.348 231.705 320.915 391.192 429.631 442.589 442.643 429.340 398.401 353.235 303.310 255.233 205.153 148.892 91.145 43.400 9.244 -17.651 -36.208 -42.121 -39.690 -36.780 -35.369
-10.638 8.281 27.924 37.883 36.940 30.256 21.164 7.693 -3.248 -7.600 -16.649 -29.309 -37.829 -46.693 -49.690 -41.086 -23.845 -2.344 13.774 17.469 16.893 21.283 25.700 21.315 15.042 15.720 19.036 25.084 37.765 53.843 71.245 87.397 96.783 100.195 98.589 88.964 74.367 62.359 50.151 33.845 15.701 -3.433 -21.493 -32.287 -35.313 -32.169 -24.105 -11.164 5.169 19.709 21.969 15.506 7.210 -1.696 -8.229 -14.452 -22.898 -24.907 -15.272 2.440 22.230 39.472 48.598 45.389 28.442 3.647 -21.151 -43.423 -61.036 -72.331 -81.405 -91.518 -102.087 -108.649 -107.712 -99.777 -88.081 -71.952 -47.368 -13.520 23.357 52.181 65.493 66.257 58.157 41.439 17.325 -12.844 -53.646 -105.095 -148.300 -168.441 -162.579 -135.278 -90.747 -27.510 55.288 148.052 242.542 331.487 402.152 444.334 461.036 460.940 444.497 408.844 355.127 295.262 241.550 188.325 128.523 69.491 23.695 -6.038 -28.579 -44.195 -45.051 -36.329 -28.062 -23.364
10.256 30.159 47.222 49.460 40.257 28.260 16.078 3.096 -1.989 0.513 -5.331 -19.979 -34.261 -46.599 -49.782 -38.903 -17.097 6.910 20.315 19.627 15.715 15.347 17.121 12.447 3.849 0.924 0.384 0.905 8.786 25.931 47.120 66.744 82.716 94.135 100.161 96.769 88.114 79.882 67.522 50.565 31.763 12.360 -2.211 -7.430 -8.066 -4.631 4.531 17.823 29.444 35.439 32.487 25.698 18.417 8.854 0.255 -9.486 -21.472 -26.240 -19.541 -3.586 16.148 32.255 40.841 40.856 29.836 10.762 -10.622 -31.697 -49.012 -62.200 -76.435 -91.723 -103.955 -109.890 -109.581 -102.187 -90.317 -75.006 -52.096 -17.321 23.249 53.448 66.283 68.934 62.954 45.287 18.469 -14.629 -56.484 -108.434 -152.913 -176.267 -176.827 -155.149 -111.132 -43.500 45.117 142.748 238.881 327.402 398.602 445.236 468.685 469.851 448.549 407.733 349.299 284.201 226.771 168.948 103.715 43.770 2.183 -20.902 -36.478 -46.456 -42.487 -29.570 -17.568 -10.437
27.578 44.987 56.435 52.701 39.283 22.291 8.124 0.944 3.315 8.769 3.487 -11.292 -27.014 -39.098 -41.651 -30.715 -7.809 15.341 24.976 22.083 16.479 9.654 4.140 -0.916 -5.200 -7.786 -14.435 -23.106 -22.522 -7.030 17.262 41.887 64.080 81.511 94.163 99.894 99.803 94.043 80.383 63.016 44.910 28.331 17.740 14.282 14.966 20.562 31.305 44.137 52.256 52.727 45.755 37.197 29.275 19.773 9.721 -3.898 -19.567 -27.608 -24.478 -10.573 8.647 24.426 35.559 41.600 37.682 25.395 9.023 -9.766 -27.819 -44.784 -65.010 -85.095 -98.131 -103.426 -103.846 -97.548 -87.125 -73.241 -50.840 -14.912 26.718 55.831 67.707 72.162 67.913 49.392 19.889 -17.464 -62.471 -114.530 -159.946 -185.507 -188.925 -170.218 -128.262 -60.433 30.235 131.308 229.561 317.927 389.679 440.006 468.550 470.283 444.623 399.008 339.226 274.766 215.440 152.947 83.921 23.518 -14.418 -32.744 -43.690 -46.808 -36.524 -19.800 -5.988 1.579
40.856 53.367 58.938 50.530 35.147 15.947 0.810 0.064 8.280 13.690 8.394 -4.631 -16.757 -24.119 -24.770 -15.082 4.887 22.165 27.799 25.032 18.454 6.816 -4.958 -11.312 -12.227 -16.401 -31.402 -49.411 -54.477 -39.788 -11.621 20.033 48.791 70.217 87.693 102.273 108.517 102.860 87.668 70.885 56.715 46.435 39.543 35.268 35.340 42.363 55.624 68.614 73.869 71.810 62.273 49.641 37.012 23.805 10.418 -5.175 -20.811 -28.868 -26.836 -14.684 3.960 21.683 38.235 50.835 52.782 45.907 34.626 19.260 -0.734 -23.958 -50.629 -73.254 -85.921 -92.113 -94.927 -91.734 -82.933 -68.674 -45.914 -9.862 32.122 61.757 74.525 78.628 72.647 53.499 23.557 -15.907 -62.844 -115.007 -163.918 -194.291 -199.758 -181.281 -140.435 -74.997 14.763 117.673 217.465 303.566 373.627 427.128 458.396 460.113 434.507 387.236 325.823 262.377 201.498 136.063 68.142 10.865 -24.922 -42.705 -51.007 -47.710 -32.513 -12.521 4.583 15.090
48.394 55.844 57.960 47.464 31.622 14.186 1.112 3.552 12.400 15.109 10.892 3.037 -2.973 -4.222 -1.694 5.775 18.212 25.494 26.873 25.032 18.045 5.062 -8.533 -16.137 -18.448 -28.386 -50.739 -73.879 -80.878 -66.434 -36.722 -0.273 34.830 62.276 85.805 105.932 113.456 106.574 91.112 76.681 68.441 64.981 61.190 55.709 54.274 61.499 75.150 86.515 88.903 84.699 72.601 55.469 37.042 18.319 1.124 -14.933 -28.153 -32.874 -28.623 -16.246 3.650 25.045 46.187 62.596 68.338 65.741 59.192 47.730 26.849 -1.070 -31.849 -55.367 -68.150 -77.493 -85.579 -87.525 -78.675 -60.988 -36.766 -1.594 39.558 70.202 84.755 86.359 76.479 58.368 31.056 -8.531 -57.387 -110.697 -163.390 -200.346 -210.551 -193.303 -153.856 -92.648 -6.077 97.170 198.171 281.509 348.769 403.106 434.389 437.122 416.698 372.685 308.819 240.727 175.807 110.003 46.127 -3.986 -35.631 -54.807 -61.579 -52.530 -32.956 -10.142 12.141 28.945
51.150 54.250 54.646 44.825 29.172 14.140 6.224 10.976 17.432 16.249 12.969 12.211 14.044 19.532 25.008 27.462 28.922 25.829 22.743 21.067 13.872 0.878 -12.215 -19.777 -24.828 -41.715 -70.360 -94.352 -100.401 -87.857 -59.725 -21.097 17.980 51.482 81.939 105.868 113.907 107.310 94.166 84.318 81.659 81.782 78.736 72.520 70.127 76.017 85.920 92.760 92.207 85.546 71.784 52.925 31.024 9.303 -9.500 -25.573 -37.430 -40.806 -35.800 -20.418 5.303 31.673 55.071 72.925 81.488 83.068 80.471 70.312 48.030 19.107 -11.227 -35.818 -51.128 -62.214 -73.486 -80.028 -72.168 -52.153 -26.529 6.369 43.825 73.899 89.916 90.962 81.145 66.766 42.983 3.156 -49.449 -106.495 -162.054 -204.626 -221.812 -208.368 -172.167 -115.489 -32.435 69.564 170.725 252.215 316.873 368.194 397.456 401.459 385.938 347.342 283.788 209.618 138.978 73.688 15.030 -26.298 -51.020 -68.784 -73.597 -60.055 -36.958 -11.977 14.762 36.194
50.896 50.373 48.467 39.080 23.524 9.666 7.459 16.259 22.049 19.778 17.372 20.843 29.020 39.731 45.449 41.338 34.540 26.118 19.767 16.176 7.511 -5.825 -17.772 -24.790 -32.853 -55.282 -88.746 -111.683 -115.532 -105.379 -78.834 -38.369 1.623 36.101 69.978 97.622 108.589 105.061 97.072 92.971 93.776 93.477 88.372 82.108 80.428 84.265 89.527 92.607 90.407 82.323 68.505 50.169 26.806 2.578 -19.164 -36.910 -49.487 -54.119 -49.371 -29.291 3.703 35.627 62.206 82.365 95.177 102.632 102.983 90.198 64.118 35.688 8.139 -17.148 -34.624 -44.059 -55.251 -66.129 -63.325 -45.373 -20.167 9.098 41.436 69.914 88.043 94.343 90.034 78.940 56.744 15.634 -41.800 -104.612 -162.479 -207.386 -231.277 -224.120 -191.314 -136.527 -55.991 43.326 142.450 221.204 281.828 326.485 351.333 355.134 341.455 306.200 243.543 166.211 92.031 28.351 -21.492 -51.725 -68.005 -80.351 -81.358 -64.350 -39.979 -13.318 17.772 41.409
50.887 44.715 36.413 25.506 12.061 0.995 3.646 16.905 24.310 24.359 24.375 29.710 40.185 51.250 54.370 46.594 37.105 27.227 19.018 13.271 3.108 -11.085 -23.060 -31.368 -43.219 -68.609 -103.434 -125.166 -127.800 -118.406 -90.635 -49.124 -11.980 19.429 53.239 83.892 99.906 101.901 99.977 100.412 102.013 99.284 91.127 84.698 84.580 87.379 89.373 90.243 87.787 80.483 68.067 50.890 26.218 -2.616 -29.494 -50.416 -65.427 -72.407 -66.229 -40.659 -2.128 35.080 66.299 89.637 107.655 122.669 126.874 111.371 81.260 53.163 28.644 4.308 -13.088 -22.053 -35.491 -51.106 -55.138 -42.285 -18.849 7.384 35.322 61.792 83.101 98.203 101.038 90.458 66.469 23.867 -36.454 -103.354 -162.669 -207.277 -234.795 -234.232 -205.867 -153.252 -75.910 18.955 113.387 188.826 245.551 282.671 300.206 301.049 287.920 253.396 189.147 111.243 38.717 -19.892 -58.310 -76.565 -84.407 -89.448 -84.744 -63.808 -38.328 -10.507 22.741 46.680
51.402 38.378 21.532 6.936 -4.612 -10.946 -3.518 12.617 21.810 25.815 30.901 39.012 48.810 57.477 58.110 49.462 39.557 28.826 19.313 12.489 2.596 -12.284 -26.450 -38.267 -53.957 -79.434 -111.898 -134.185 -138.967 -128.137 -96.487 -55.348 -22.114 7.200 40.810 73.109 93.498 100.069 100.746 102.339 104.095 99.941 88.730 80.369 80.803 84.828 86.120 86.098 84.599 78.692 67.756 51.730 24.372 -10.872 -42.236 -65.983 -84.188 -92.478 -81.859 -50.448 -8.003 33.969 68.431 93.274 114.755 135.873 144.307 128.103 96.280 70.031 49.935 29.188 12.360 -1.678 -21.952 -42.021 -50.842 -42.874 -20.904 4.650 30.219 56.096 80.923 103.050 111.388 100.554 72.962 28.301 -32.851 -100.857 -161.235 -205.635 -233.478 -237.835 -215.214 -165.808 -91.703 -3.013 83.324 154.112 207.728 238.523 246.924 240.873 226.529 191.697 126.224 52.094 -12.530 -61.467 -89.368 -99.195 -99.424 -95.249 -83.119 -58.807 -32.015 -3.860 27.286 48.378
49.045 31.770 9.329 -8.769 -20.417 -23.585 -13.717 2.997 14.981 24.770 36.753 48.068 55.117 60.994 60.358 51.359 41.476 31.385 21.887 13.791 3.827 -11.465 -28.209 -42.932 -60.290 -84.547 -113.704 -137.038 -145.140 -132.433 -98.646 -59.495 -27.728 1.983 35.786 68.381 90.860 99.277 98.528 98.285 99.666 94.312 80.087 68.722 69.012 76.231 79.982 81.408 82.018 76.064 65.467 49.341 17.348 -23.680 -58.487 -84.937 -104.381 -109.758 -92.276 -55.561 -10.693 33.719 68.890 94.144 117.481 141.630 152.614 136.299 104.708 81.829 66.823 49.762 31.281 9.067 -18.262 -41.961 -54.329 -49.562 -26.418 2.845 29.296 55.086 81.237 107.442 120.310 110.739 80.514 32.332 -29.643 -96.982 -157.544 -202.613 -230.353 -237.887 -220.084 -174.080 -104.538 -23.688 54.157 119.372 169.140 195.251 196.598 183.088 163.606 125.533 60.668 -6.098 -59.435 -95.142 -112.975 -117.518 -110.574 -95.623 -75.529 -50.211 -22.655 6.407 34.135 50.803
42.161 23.154 -1.287 -20.358 -31.763 -32.700 -22.128 -5.970 10.339 27.692 45.243 57.221 62.327 66.645 62.945 51.134 41.510 33.857 25.908 17.287 6.689 -9.689 -29.160 -44.793 -60.895 -84.035 -111.553 -135.971 -146.527 -132.123 -97.587 -61.287 -31.245 -2.243 30.886 63.226 86.453 95.773 92.800 89.783 89.930 82.977 66.671 52.736 52.153 61.875 69.504 74.459 77.516 71.219 60.129 41.497 4.820 -39.465 -77.410 -105.198 -121.326 -120.655 -96.670 -54.871 -7.193 37.226 70.347 94.706 118.329 143.281 155.310 138.095 107.888 88.953 77.009 61.229 40.197 11.413 -20.964 -47.780 -63.494 -59.342 -31.787 3.167 31.303 56.341 82.963 112.310 128.685 120.425 88.752 37.977 -24.939 -91.859 -151.808 -198.014 -226.242 -234.497 -220.317 -180.184 -119.036 -46.516 26.120 86.587 130.215 151.460 149.327 131.239 103.813 58.676 -4.328 -61.042 -101.824 -124.764 -132.535 -131.066 -116.290 -91.243 -65.150 -39.485 -9.206 21.765 45.049 56.095
31.936 12.246 -13.122 -31.740 -41.153 -38.099 -25.571 -10.458 9.008 34.216 55.128 65.086 69.837 73.291 63.960 46.680 37.454 34.340 30.209 23.300 12.792 -5.559 -28.110 -44.959 -60.518 -82.290 -107.728 -132.894 -146.510 -133.588 -98.549 -63.478 -36.303 -9.401 22.596 54.213 76.953 86.154 81.637 76.280 75.265 68.242 50.986 34.570 31.467 39.795 50.220 60.873 67.349 61.929 50.442 28.079 -12.000 -57.440 -95.985 -121.303 -132.375 -127.376 -98.366 -51.120 -0.091 44.057 75.760 100.007 122.039 144.437 154.701 134.618 105.468 90.069 79.419 63.963 42.840 12.990 -21.380 -50.598 -68.643 -64.014 -32.665 6.035 35.063 59.571 86.985 117.785 136.175 129.092 97.015 46.699 -15.507 -81.343 -140.293 -188.773 -219.836 -229.285 -218.607 -185.086 -132.504 -67.500 0.842 56.547 92.522 107.959 103.351 82.243 46.324 -7.081 -66.255 -110.684 -139.271 -151.566 -149.103 -139.159 -116.555 -83.975 -53.370 -25.362 8.469 39.070 54.720 57.211
20.444 -0.228 -27.081 -44.647 -50.506 -43.136 -27.316 -11.342 9.256 38.608 60.999 69.218 72.815 73.602 59.749 38.427 28.771 30.151 31.211 27.692 18.067 -1.555 -25.560 -44.906 -62.519 -80.896 -100.481 -124.262 -142.079 -135.974 -104.019 -70.034 -45.448 -19.654 12.962 44.251 64.578 70.158 63.672 57.316 56.305 50.653 33.021 14.856 9.744 15.164 26.014 40.565 50.485 47.590 36.389 12.583 -27.466 -72.860 -111.135 -133.850 -141.680 -133.877 -100.451 -49.078 3.693 48.123 81.907 109.077 129.130 145.710 150.867 126.840 97.608 85.156 76.234 62.175 43.563 17.023 -16.470 -47.190 -66.244 -61.273 -29.378 8.226 36.441 61.250 88.818 118.912 139.110 135.342 105.004 56.780 -2.492 -64.527 -121.855 -174.525 -211.965 -223.889 -213.991 -184.997 -139.690 -82.674 -21.346 28.182 56.547 66.221 58.599 34.553 -8.165 -67.919 -122.577 -155.811 -173.255 -174.993 -162.160 -143.291 -114.442 -76.282 -38.384 -4.113 30.134 55.168 61.803 56.208
7.432 -13.495 -40.216 -55.595 -58.038 -48.363 -28.891 -8.915 12.646 41.112 61.779 67.969 68.130 64.688 50.094 29.933 20.502 23.543 27.371 24.722 14.755 -3.432 -24.958 -45.097 -64.140 -78.177 -91.740 -114.573 -137.189 -139.314 -113.281 -81.389 -57.224 -29.513 5.188 35.713 51.239 50.131 41.755 35.425 33.530 28.245 13.307 -2.877 -8.466 -4.972 5.052 19.501 31.074 30.918 20.506 -0.958 -36.976 -81.842 -120.717 -142.418 -149.192 -139.158 -102.966 -50.522 2.026 48.132 86.805 116.327 133.302 144.492 144.725 117.833 87.935 77.826 71.881 61.181 46.600 23.573 -8.638 -40.150 -59.582 -55.773 -28.034 3.939 31.258 58.944 87.241 115.351 136.960 137.607 109.844 62.980 7.497 -48.704 -103.409 -158.746 -200.283 -214.001 -203.620 -177.928 -140.014 -92.716 -41.676 0.541 22.740 27.279 16.389 -10.638 -58.106 -121.253 -172.175 -197.396 -205.768 -197.464 -174.598 -147.154 -111.554 -65.602 -16.836 23.896 53.856 70.352 69.813 58.744
-8.953 -28.429 -52.067 -64.012 -63.208 -51.488 -29.539 -6.561 16.630 44.353 61.640 62.849 58.628 53.038 39.890 22.862 14.320 17.511 20.888 15.170 3.473 -11.191 -27.625 -45.975 -64.648 -76.620 -88.462 -112.949 -139.818 -145.687 -122.156 -91.372 -66.184 -35.699 0.260 28.395 38.030 31.210 22.753 15.694 8.979 2.092 -7.336 -19.220 -26.183 -24.384 -13.331 2.064 14.075 14.415 4.500 -13.867 -45.449 -87.839 -124.457 -144.742 -151.679 -141.052 -106.732 -57.214 -4.936 45.116 89.218 117.518 128.945 135.694 133.336 107.975 80.019 71.418 68.640 62.929 53.180 32.785 1.478 -30.834 -52.250 -53.212 -33.449 -7.015 20.899 52.640 84.567 113.683 136.813 138.932 111.616 66.011 14.516 -36.878 -88.511 -141.762 -181.652 -196.227 -187.114 -164.000 -132.293 -94.435 -54.162 -19.774 -3.750 -5.669 -21.843 -52.948 -104.612 -169.242 -216.923 -236.043 -237.121 -221.174 -189.648 -152.579 -106.766 -48.882 9.423 50.620 72.955 81.790 74.533 56.921
-25.684 -43.774 -63.846 -71.271 -65.997 -50.601 -27.745 -5.181 19.755 47.587 61.006 56.998 50.567 45.664 33.313 15.460 4.103 5.899 8.616 1.659 -9.435 -19.620 -30.106 -45.297 -63.702 -76.440 -88.575 -112.789 -139.938 -144.448 -120.997 -93.790 -70.799 -39.854 -4.567 19.350 24.177 16.177 9.245 -1.157 -15.063 -23.276 -27.946 -36.800 -46.318 -46.806 -32.187 -10.834 3.041 1.649 -10.320 -28.877 -58.223 -95.815 -126.544 -143.537 -149.011 -137.923 -107.689 -62.821 -11.847 39.022 84.270 109.669 115.800 118.329 115.002 95.734 74.684 68.055 66.443 64.863 60.427 43.648 13.181 -21.605 -47.196 -53.855 -41.771 -19.617 8.603 43.226 81.571 116.263 139.943 140.143 112.118 68.843 20.881 -28.878 -78.421 -125.946 -159.537 -172.065 -164.286 -143.530 -115.685 -84.161 -52.567 -26.924 -19.462 -30.575 -55.270 -92.750 -147.885 -211.049 -255.431 -270.233 -264.157 -240.861 -201.132 -152.831 -94.213 -25.830 33.643 66.700 80.750 86.231 73.858 49.932
-35.792 -54.558 -73.541 -77.887 -68.124 -48.063 -24.310 -2.391 23.198 47.427 54.757 48.377 43.938 41.320 29.293 8.806 -8.450 -11.436 -9.352 -13.247 -19.100 -23.720 -29.096 -41.181 -58.986 -72.250 -83.412 -103.877 -128.246 -129.892 -105.384 -83.241 -67.349 -40.766 -8.905 9.492 10.700 3.490 -3.529 -19.515 -39.500 -47.154 -47.905 -53.490 -62.571 -64.053 -47.526 -21.372 -5.003 -6.760 -20.908 -41.073 -68.470 -100.957 -126.945 -139.991 -139.957 -124.723 -96.288 -56.555 -10.645 35.125 74.730 95.811 99.153 97.107 89.717 74.676 63.175 61.868 61.407 62.534 65.070 54.509 24.233 -14.950 -46.193 -57.918 -50.840 -31.548 -3.400 32.832 76.711 116.813 139.424 138.519 111.769 70.711 24.254 -25.790 -73.909 -115.050 -139.911 -146.414 -136.977 -117.275 -91.590 -63.473 -38.060 -21.731 -26.054 -49.071 -82.945 -125.942 -180.993 -238.797 -279.590 -292.171 -279.632 -248.818 -201.088 -140.486 -69.524 2.141 53.515 72.977 78.230 82.410 68.012 41.228
-40.633 -60.016 -78.817 -83.222 -71.818 -48.341 -22.728 0.640 24.884 42.140 42.912 36.272 35.543 35.283 23.734 2.427 -18.909 -26.599 -25.160 -25.557 -25.197 -24.086 -26.223 -35.016 -48.274 -58.809 -67.975 -84.239 -106.027 -105.786 -79.396 -60.602 -54.077 -37.681 -13.062 -0.037 -1.603 -8.920 -18.690 -39.461 -61.546 -67.190 -65.607 -68.564 -73.910 -72.355 -55.614 -30.028 -11.718 -10.484 -24.001 -44.757 -69.684 -97.575 -121.556 -132.581 -124.943 -101.451 -73.185 -41.979 -4.008 35.966 67.094 80.832 80.308 73.164 59.715 45.609 42.812 50.114 54.779 59.849 69.925 65.407 33.502 -11.151 -48.736 -64.895 -60.002 -42.542 -16.168 19.106 66.056 111.009 136.226 139.488 116.179 73.666 23.839 -27.875 -74.717 -110.825 -127.430 -124.814 -108.857 -86.937 -62.462 -37.822 -18.874 -11.224 -26.538 -61.506 -103.159 -149.406 -202.673 -254.158 -289.706 -298.711 -279.713 -240.668 -184.937 -114.340 -37.277 28.978 67.584 74.547 71.267 69.359 51.011 24.247
-48.570 -65.473 -81.988 -88.261 -78.507 -53.503 -26.278 -2.157 20.296 32.936 31.005 25.000 25.161 25.939 15.337 -5.658 -28.033 -37.337 -34.970 -32.095 -27.593 -22.269 -21.861 -25.912 -32.239 -38.413 -42.940 -53.048 -73.405 -75.287 -51.034 -35.436 -36.012 -31.105 -16.049 -7.686 -12.569 -22.405 -35.648 -58.349 -78.570 -81.425 -80.457 -83.482 -84.259 -75.861 -56.200 -32.790 -14.871 -9.987 -19.942 -39.397 -61.751 -85.325 -108.423 -119.937 -106.448 -75.553 -47.671 -25.740 5.205 41.260 65.013 69.204 60.578 47.557 30.991 18.168 20.903 35.317 46.928 58.096 74.037 72.117 38.165 -9.897 -51.510 -71.578 -69.501 -55.065 -32.614 -0.139 49.287 101.240 133.885 143.258 123.161 77.502 22.041 -32.889 -81.595 -116.566 -126.152 -110.256 -81.674 -55.076 -32.845 -13.361 -1.225 0.774 -18.974 -60.880 -109.362 -160.330 -213.930 -259.844 -287.285 -289.592 -263.323 -213.985 -149.517 -75.485 -3.546 49.378 72.940 69.913 59.602 48.048 24.468 0.483
-61.297 -74.656 -88.023 -96.208 -90.477 -66.620 -38.149 -14.024 7.415 20.090 20.635 16.080 13.181 11.690 2.864 -15.506 -36.506 -44.805 -38.619 -31.552 -27.004 -21.988 -19.342 -18.541 -19.625 -20.057 -15.891 -17.883 -34.898 -40.865 -24.265 -13.383 -17.438 -19.862 -13.142 -10.892 -21.953 -37.166 -53.351 -74.791 -90.506 -91.361 -92.885 -95.783 -92.308 -78.366 -55.340 -34.020 -17.928 -8.993 -12.345 -26.352 -43.564 -62.732 -86.526 -101.254 -87.556 -55.548 -27.888 -10.007 16.217 49.094 68.177 63.809 44.580 22.677 2.494 -8.809 -0.939 20.188 39.108 56.480 74.723 72.848 39.304 -7.585 -49.634 -75.952 -82.128 -72.929 -52.729 -19.975 32.612 92.144 132.622 144.426 125.860 80.119 21.888 -36.420 -90.184 -129.077 -134.905 -105.948 -63.467 -31.385 -11.235 5.090 14.918 16.063 -1.607 -41.765 -93.005 -148.167 -201.360 -241.124 -258.860 -252.950 -221.315 -166.120 -99.674 -33.202 24.119 61.188 70.679 58.139 41.202 21.849 -4.595 -25.778
-76.334 -87.290 -98.873 -108.245 -106.311 -86.117 -57.469 -31.342 -9.879 3.921 7.654 3.278 -3.210 -8.025 -16.165 -30.632 -46.124 -49.452 -37.685 -25.935 -24.248 -25.790 -23.559 -17.836 -13.806 -7.318 5.655 10.902 0.956 -6.319 1.571 6.239 -0.536 -6.056 -4.793 -9.767 -29.102 -49.958 -67.167 -86.309 -97.323 -96.303 -99.608 -101.858 -95.917 -80.483 -57.845 -39.948 -24.391 -8.683 -2.714 -9.045 -20.664 -36.974 -62.301 -80.449 -72.192 -44.907 -15.615 4.954 28.568 57.913 73.487 62.818 34.532 2.718 -23.840 -35.139 -22.436 6.143 33.993 57.964 75.716 71.858 41.510 -0.348 -42.053 -77.823 -97.119 -95.069 -73.696 -35.363 22.139 87.054 131.927 141.802 121.502 78.478 22.804 -36.091 -93.483 -136.419 -140.592 -103.104 -52.139 -17.614 0.712 16.731 29.558 32.770 20.115 -9.598 -53.243 -103.036 -149.659 -183.007 -195.649 -187.327 -158.358 -109.946 -53.834 -2.448 38.305 62.346 62.611 44.299 22.738 -1.113 -27.730 -47.962
-85.827 -97.086 -109.681 -119.545 -119.334 -103.629 -77.706 -49.179 -26.397 -12.084 -7.227 -13.459 -22.056 -28.250 -37.264 -49.273 -56.986 -54.971 -40.513 -24.204 -22.808 -30.566 -30.180 -20.084 -10.273 3.350 23.471 33.579 29.182 22.002 22.984 21.523 11.933 4.169 1.282 -8.716 -32.722 -54.359 -67.710 -84.770 -95.928 -95.743 -99.830 -103.454 -97.923 -82.054 -61.719 -47.119 -30.542 -7.957 6.741 6.564 -3.091 -19.893 -45.175 -63.552 -61.953 -41.033 -9.518 17.219 40.888 66.582 77.852 61.955 26.322 -13.783 -44.922 -55.756 -41.131 -8.611 27.091 59.004 78.664 73.596 47.044 10.805 -33.105 -79.096 -109.513 -112.455 -88.769 -45.539 14.957 81.479 127.561 134.631 109.822 69.395 20.863 -33.973 -90.451 -132.296 -131.630 -86.377 -32.928 -2.631 11.143 25.713 40.826 45.171 35.814 16.845 -12.865 -48.230 -84.922 -114.738 -128.954 -126.285 -106.463 -70.485 -28.556 9.808 39.359 55.810 52.631 33.748 9.619 -17.029 -41.503 -59.990
-84.854 -98.295 -113.058 -122.421 -122.465 -111.243 -92.335 -66.029 -40.419 -24.410 -19.961 -27.523 -36.666 -43.597 -53.593 -64.015 -66.615 -62.840 -48.671 -29.124 -25.656 -34.129 -33.194 -19.311 -4.278 14.993 39.246 52.114 51.797 45.392 40.457 33.109 20.847 10.622 3.185 -10.392 -33.159 -49.849 -56.939 -70.742 -85.643 -91.332 -97.998 -104.881 -100.551 -83.428 -64.500 -52.042 -34.849 -6.688 16.529 21.927 11.837 -7.702 -32.614 -50.804 -54.105 -37.880 -6.025 26.202 51.738 73.001 79.230 60.010 19.137 -26.994 -59.517 -68.577 -55.540 -26.185 13.401 54.323 79.253 76.179 54.001 22.230 -25.362 -79.710 -115.376 -119.072 -95.648 -53.999 3.959 69.004 117.376 125.757 97.551 57.209 15.379 -32.131 -82.905 -119.268 -112.583 -63.266 -12.538 11.573 21.116 33.596 48.141 50.509 38.684 22.084 0.251 -24.987 -54.547 -82.425 -97.258 -96.418 -81.288 -54.597 -22.699 10.026 35.803 48.948 45.515 27.801 2.348 -24.400 -45.593 -61.149
-79.785 -94.392 -109.482 -117.465 -117.206 -109.587 -98.739 -79.182 -51.238 -32.391 -30.013 -36.971 -43.971 -52.339 -64.041 -72.174 -70.416 -64.855 -52.316 -34.291 -29.138 -33.354 -29.565 -12.749 6.567 28.647 53.016 68.810 75.547 71.735 60.472 46.022 30.035 16.946 4.827 -12.444 -31.802 -42.241 -46.260 -56.927 -72.547 -82.779 -93.530 -104.525 -101.603 -84.575 -66.728 -54.763 -37.342 -5.490 25.345 35.395 24.030 2.144 -21.259 -39.151 -45.267 -32.315 -0.744 35.289 61.636 76.110 75.933 55.328 13.719 -34.487 -66.893 -76.010 -67.872 -44.651 -3.899 44.024 74.712 76.370 59.250 29.856 -19.948 -79.225 -117.914 -122.840 -102.759 -64.182 -9.087 52.756 103.198 116.396 88.429 47.111 9.513 -30.227 -73.137 -101.326 -89.205 -41.964 2.479 21.361 28.274 40.842 55.438 55.140 37.156 16.011 -4.687 -26.718 -52.459 -78.632 -91.881 -87.135 -71.312 -50.026 -22.149 10.584 36.096 46.565 41.997 24.834 -0.984 -25.376 -43.210 -55.587
-77.814 -90.813 -103.674 -109.779 -109.326 -104.195 -97.792 -84.756 -58.691 -38.770 -38.542 -43.535 -47.042 -57.773 -72.224 -76.389 -68.499 -60.656 -52.120 -39.350 -32.540 -31.061 -23.693 -4.261 18.753 42.698 66.920 86.563 100.634 100.973 85.529 64.431 42.792 24.658 7.479 -12.947 -29.890 -35.770 -38.713 -47.768 -59.736 -70.430 -86.553 -101.051 -99.954 -86.384 -70.278 -55.546 -34.964 -1.239 32.491 43.849 31.434 9.730 -11.629 -30.014 -37.312 -25.689 5.663 43.776 70.435 79.127 71.786 48.303 7.610 -39.436 -70.522 -80.667 -77.339 -59.031 -19.956 28.699 62.363 69.867 58.203 30.775 -18.064 -78.857 -121.678 -129.888 -110.901 -70.448 -15.512 41.638 89.394 105.886 81.038 38.806 2.335 -30.683 -63.298 -80.963 -65.286 -24.200 13.263 27.990 33.083 47.801 64.647 63.461 39.582 11.509 -8.963 -27.585 -50.058 -74.749 -87.149 -80.005 -64.682 -47.593 -20.289 13.353 38.097 46.669 40.861 22.548 -4.917 -26.512 -40.560 -50.140
-78.725 -89.006 -99.479 -104.076 -103.400 -100.118 -95.395 -85.552 -63.066 -44.252 -44.794 -47.802 -48.906 -61.396 -78.121 -78.575 -65.393 -56.754 -53.092 -44.862 -36.566 -31.474 -21.586 -0.358 24.457 49.758 75.751 99.543 117.775 120.729 104.431 80.644 54.497 31.206 9.795 -12.474 -28.400 -32.184 -34.277 -42.759 -51.688 -62.571 -83.040 -98.397 -98.227 -88.877 -74.332 -55.380 -29.542 5.859 39.064 49.907 37.743 17.590 -4.633 -26.599 -34.710 -21.862 10.312 49.912 77.892 84.131 71.001 43.796 3.012 -43.051 -72.634 -82.848 -81.521 -65.545 -30.034 13.921 45.988 56.670 49.190 25.548 -19.546 -80.080 -125.961 -135.532 -114.496 -70.910 -15.826 37.959 81.975 98.927 76.267 32.751 -4.632 -33.406 -56.567 -66.044 -50.874 -16.447 16.686 30.166 35.351 52.053 70.756 69.619 42.957 10.748 -8.870 -23.841 -43.226 -66.235 -79.425 -74.048 -61.520 -47.473 -19.316 15.476 39.534 47.518 41.169 21.049 -8.291 -28.223 -38.964 -46.436

# Top 10 maximum values:
# Index_r, Index_theta, r_value, theta_value, z_value
25, 101, 5.100000, 5.314528, 445.236036
25, 104, 5.100000, 5.471607, 448.549126
27, 102, 5.500000, 5.366887, 458.396162
27, 103, 5.500000, 5.419247, 460.112728
24, 103, 4.900000, 5.419247, 460.939958
24, 102, 4.900000, 5.366887, 461.036018
26, 102, 5.300000, 5.366887, 468.549813
25, 102, 5.100000, 5.366887, 468.684802
25, 103, 5.100000, 5.419247, 469.851196
26, 103, 5.300000, 5.419247, 470.282970

# Analysis of potential symmetric artifacts:
# Found 1 local maxima
# Local maxima (r, theta, z_value, angle_degrees):
5.1000, 5.4192, 469.851196, 310.50°

# Potential symmetric pairs (difference close to π):
# No symmetric pairs found
