# Z-Grid Data for Iteration 2
# Shape: (50, 120)
# Min value: -231.58510130866492
# Max value: 225.7034745764553
# Average value: 1.5335774013358496

# Radial edges (r_edges):
0.000
0.200
0.400
0.600
0.800
1.000
1.200
1.400
1.600
1.800
2.000
2.200
2.400
2.600
2.800
3.000
3.200
3.400
3.600
3.800
4.000
4.200
4.400
4.600
4.800
5.000
5.200
5.400
5.600
5.800
6.000
6.200
6.400
6.600
6.800
7.000
7.200
7.400
7.600
7.800
8.000
8.200
8.400
8.600
8.800
9.000
9.200
9.400
9.600
9.800
10.000

# Angular edges (theta_edges):
0.000
0.052
0.105
0.157
0.209
0.262
0.314
0.367
0.419
0.471
0.524
0.576
0.628
0.681
0.733
0.785
0.838
0.890
0.942
0.995
1.047
1.100
1.152
1.204
1.257
1.309
1.361
1.414
1.466
1.518
1.571
1.623
1.676
1.728
1.780
1.833
1.885
1.937
1.990
2.042
2.094
2.147
2.199
2.251
2.304
2.356
2.409
2.461
2.513
2.566
2.618
2.670
2.723
2.775
2.827
2.880
2.932
2.985
3.037
3.089
3.142
3.194
3.246
3.299
3.351
3.403
3.456
3.508
3.560
3.613
3.665
3.718
3.770
3.822
3.875
3.927
3.979
4.032
4.084
4.136
4.189
4.241
4.294
4.346
4.398
4.451
4.503
4.555
4.608
4.660
4.712
4.765
4.817
4.869
4.922
4.974
5.027
5.079
5.131
5.184
5.236
5.288
5.341
5.393
5.445
5.498
5.550
5.603
5.655
5.707
5.760
5.812
5.864
5.917
5.969
6.021
6.074
6.126
6.178
6.231
6.283

# Z-Grid matrix (rows = radii, columns = angles):
-1.944 -2.051 -2.259 -2.172 -1.823 -1.435 -1.053 -0.677 -0.307 0.054 0.407 0.752 1.087 1.413 1.729 2.035 2.330 2.616 2.893 3.159 3.415 3.686 4.204 5.601 7.684 8.981 9.382 9.701 10.544 11.925 13.036 13.716 14.380 15.239 16.128 15.898 12.674 7.188 3.902 3.247 3.256 3.289 3.392 4.770 11.127 21.628 27.940 29.329 30.124 33.607 39.805 44.172 45.451 45.477 45.250 44.976 44.683 44.396 44.110 43.777 43.392 42.979 42.548 42.150 42.333 44.760 49.078 51.579 51.878 51.506 50.999 50.488 50.099 50.141 50.540 50.587 50.244 49.829 49.385 48.907 48.420 47.959 47.539 47.152 46.789 46.438 46.058 45.647 45.289 44.999 44.746 44.551 44.412 44.310 44.239 44.198 44.187 44.205 44.251 44.318 44.318 43.993 43.397 43.102 43.124 43.087 42.878 42.424 41.056 39.148 37.570 34.115 28.324 24.001 22.532 21.141 15.025 4.795 -1.266 -2.447
-17.608 -18.581 -19.980 -19.993 -19.153 -18.414 -17.739 -17.063 -16.433 -15.854 -15.304 -14.778 -14.275 -13.795 -13.337 -12.901 -12.478 -12.048 -11.604 -11.190 -10.823 -10.381 -9.290 -6.633 -3.243 -1.635 -1.749 -2.129 -2.820 -3.530 -2.987 -1.319 1.209 4.685 8.354 9.233 5.036 -2.337 -6.493 -6.889 -6.542 -6.414 -6.601 -6.485 -3.920 0.591 3.020 3.389 4.356 9.522 19.860 29.243 33.653 34.661 34.514 34.128 33.766 33.699 33.875 33.708 33.141 32.431 31.672 30.941 30.994 34.133 39.926 43.427 44.074 43.602 42.742 41.947 41.727 43.221 46.077 47.474 47.534 47.538 47.161 46.227 44.993 43.856 42.982 42.258 41.576 40.862 39.950 38.737 37.535 36.461 35.429 34.767 34.467 34.294 34.195 34.163 34.187 34.264 34.390 34.532 34.338 32.727 29.901 28.154 27.542 26.628 25.063 23.309 20.676 18.122 15.881 9.753 0.731 -5.367 -7.273 -8.140 -11.165 -15.791 -18.206 -18.433
-41.100 -42.362 -43.158 -40.706 -37.842 -36.231 -34.689 -32.903 -31.497 -30.501 -29.629 -28.838 -28.136 -27.502 -26.898 -26.292 -25.610 -24.628 -23.292 -22.123 -21.417 -20.601 -18.131 -13.332 -9.135 -8.940 -11.704 -14.221 -17.677 -22.109 -23.160 -20.399 -15.021 -7.814 -0.771 2.069 0.095 -3.816 -4.893 -2.963 -1.279 -0.705 -1.591 -3.749 -4.836 -5.395 -7.042 -8.489 -8.602 -5.175 4.134 16.733 26.673 30.947 31.603 31.228 31.035 32.301 34.807 35.930 35.337 34.179 32.875 31.528 30.701 32.094 35.474 37.442 37.543 36.555 35.078 34.064 34.377 37.244 41.582 43.308 44.341 46.731 47.722 46.335 43.367 40.506 38.590 37.149 35.604 33.778 31.635 28.643 25.154 21.547 17.828 15.582 14.705 14.160 13.876 13.836 13.917 14.098 14.371 14.672 14.417 11.816 7.072 3.532 1.192 -1.653 -5.200 -8.198 -11.348 -14.329 -17.878 -24.779 -32.117 -36.189 -37.443 -38.826 -41.481 -43.242 -43.205 -42.631
-63.396 -63.114 -60.486 -54.339 -49.610 -47.017 -43.308 -38.320 -34.932 -33.020 -31.291 -29.953 -29.171 -28.711 -28.122 -27.071 -25.290 -22.136 -17.567 -13.809 -12.171 -11.223 -8.478 -4.009 -1.886 -4.487 -9.910 -13.772 -16.927 -20.610 -21.727 -18.908 -12.487 -4.223 3.061 6.492 7.011 7.183 9.473 13.704 16.918 18.889 19.027 16.582 14.764 12.944 9.572 6.369 3.949 3.763 7.783 18.371 33.004 42.684 45.513 45.533 45.602 48.157 53.104 56.048 55.788 54.163 52.165 50.036 48.377 48.959 51.485 52.258 50.860 48.523 46.010 44.451 44.652 46.054 45.803 42.320 41.678 45.484 48.246 48.067 44.772 40.591 37.018 33.718 29.724 24.856 20.370 15.444 9.885 4.016 -2.143 -5.938 -7.875 -9.656 -10.660 -10.935 -11.015 -10.827 -10.371 -9.791 -9.469 -10.513 -13.064 -16.193 -20.441 -25.049 -28.686 -30.752 -34.050 -40.342 -47.498 -53.490 -57.495 -59.946 -60.873 -62.611 -66.163 -67.971 -67.322 -66.307
-58.247 -57.292 -54.826 -50.978 -48.638 -46.461 -41.142 -33.980 -29.759 -26.865 -23.031 -20.248 -19.445 -19.922 -19.513 -16.731 -11.661 -4.877 2.925 8.681 10.652 10.317 9.003 6.368 2.219 -2.211 -6.397 -9.000 -10.606 -12.334 -13.098 -11.180 -5.786 1.803 8.814 12.576 14.062 15.386 17.847 21.344 24.508 28.017 31.542 33.542 35.748 37.329 37.206 35.894 33.560 31.938 31.921 37.676 51.610 64.362 69.743 70.726 71.150 73.497 78.435 82.961 83.763 81.785 78.932 75.827 73.333 73.889 76.999 77.294 74.275 70.285 66.290 63.085 61.524 60.579 55.967 47.168 41.813 41.408 42.358 43.572 42.698 39.326 33.155 25.492 17.479 9.388 3.151 -1.955 -6.621 -11.271 -16.191 -19.412 -21.847 -24.713 -26.433 -27.325 -28.242 -28.346 -27.566 -26.383 -24.892 -23.509 -22.635 -23.591 -27.955 -32.763 -34.457 -34.160 -38.088 -48.307 -58.008 -63.524 -66.433 -68.565 -68.055 -66.191 -66.069 -65.924 -64.367 -62.800
-24.607 -23.656 -22.696 -22.067 -22.205 -20.896 -16.994 -13.430 -13.303 -12.393 -8.341 -4.506 -2.944 -3.823 -2.543 3.208 11.157 18.308 23.578 26.336 26.018 22.492 15.630 7.154 0.439 -3.286 -5.438 -6.933 -8.380 -10.056 -11.102 -10.293 -6.268 1.073 8.540 12.723 14.590 16.156 18.130 20.530 23.194 26.768 31.457 36.968 43.791 50.898 57.889 63.712 66.801 67.459 65.946 66.021 72.985 83.451 90.918 94.339 96.988 101.149 106.580 111.956 113.220 110.593 106.641 102.246 98.005 95.420 94.222 91.197 86.092 80.414 74.741 69.436 65.282 62.657 58.834 51.647 44.732 39.556 35.848 34.125 32.967 30.364 23.400 12.706 1.860 -6.554 -11.971 -15.652 -18.693 -22.049 -25.415 -27.470 -29.229 -31.439 -32.616 -33.247 -34.020 -33.408 -31.533 -28.872 -24.728 -20.290 -17.018 -16.486 -20.173 -24.030 -24.099 -23.575 -29.525 -41.517 -51.676 -56.443 -56.555 -55.020 -51.028 -44.851 -40.203 -37.065 -33.876 -31.377
6.157 8.347 11.038 13.362 15.223 17.772 20.695 21.135 17.899 15.405 16.013 18.470 20.519 20.885 25.169 32.474 37.316 38.528 37.364 34.842 30.251 22.490 12.836 4.704 -0.186 -2.876 -4.776 -6.513 -8.513 -10.706 -12.173 -12.069 -8.633 -1.348 5.679 9.466 11.434 13.298 15.499 18.067 21.033 24.705 29.609 36.222 44.798 55.857 69.801 83.199 91.997 95.947 95.314 91.844 91.590 98.613 109.740 118.311 124.391 130.494 134.690 136.528 135.119 130.975 125.673 119.760 113.464 107.201 100.990 94.193 86.834 79.328 71.877 64.652 58.275 54.064 51.153 46.281 39.641 32.419 25.012 18.603 15.037 14.163 12.814 7.274 -1.781 -9.777 -15.736 -20.003 -24.069 -28.985 -32.354 -33.273 -33.448 -33.811 -33.159 -30.958 -27.705 -23.417 -19.863 -16.142 -9.324 -2.491 1.176 0.247 -5.414 -10.127 -11.363 -15.076 -25.746 -37.613 -44.390 -44.803 -40.258 -34.905 -29.277 -22.744 -16.968 -12.097 -7.406 -3.936
20.196 23.895 29.070 34.222 38.991 43.517 47.435 49.398 48.932 48.060 48.124 49.424 51.221 54.205 62.117 69.097 67.586 60.079 51.087 41.420 30.476 19.257 10.229 4.423 0.727 -2.158 -4.760 -7.259 -9.951 -12.707 -14.651 -14.910 -11.498 -4.529 1.146 3.954 5.861 8.042 10.734 14.005 17.934 22.917 29.754 38.583 48.696 60.794 76.235 92.125 104.271 111.770 114.766 113.246 111.121 116.811 131.941 145.742 152.971 156.420 156.567 153.991 149.541 143.727 136.987 129.425 121.171 112.430 103.341 93.972 84.449 74.928 65.541 56.455 48.314 42.756 39.294 34.227 27.533 20.204 10.862 1.545 -2.635 -1.013 3.026 5.408 2.928 -2.917 -10.522 -17.626 -24.258 -30.806 -33.470 -31.586 -27.305 -23.089 -19.834 -15.727 -9.577 -2.185 1.890 4.245 9.087 12.853 13.689 10.259 1.497 -6.708 -11.999 -20.546 -33.235 -41.907 -42.800 -38.866 -32.834 -26.872 -21.220 -15.303 -9.347 -3.424 2.348 6.461
24.889 29.709 36.582 43.549 50.084 56.064 61.360 65.738 69.026 71.369 73.092 75.081 79.414 87.394 97.473 104.312 100.939 88.821 72.310 52.552 33.482 19.521 11.070 5.790 1.622 -2.201 -5.804 -9.253 -12.763 -16.177 -18.641 -19.143 -15.966 -10.038 -5.843 -3.805 -1.916 0.592 3.920 8.308 13.831 20.804 30.256 42.045 54.286 66.036 78.766 92.879 106.940 118.673 126.623 130.605 132.528 139.232 154.138 168.527 175.779 176.900 174.309 169.575 163.416 156.259 148.205 138.929 128.572 117.563 106.142 94.416 82.558 70.772 59.239 48.261 38.929 33.505 30.683 24.878 16.795 8.650 -1.359 -10.969 -15.764 -15.737 -12.648 -7.734 -4.825 -6.112 -11.575 -19.209 -25.997 -29.192 -26.384 -18.037 -6.582 3.859 9.868 11.833 13.230 16.863 18.131 17.709 17.864 15.792 12.365 7.298 -2.496 -14.073 -24.394 -35.768 -45.280 -48.454 -45.809 -40.851 -35.350 -29.604 -23.568 -17.128 -10.326 -3.277 3.502 8.157
25.469 31.294 39.621 48.083 56.027 63.284 69.871 76.121 81.852 86.053 88.820 91.771 98.531 109.268 118.455 124.359 123.757 114.330 95.646 70.088 45.708 27.546 15.681 7.972 2.033 -3.202 -8.027 -12.655 -17.246 -21.440 -24.257 -24.599 -21.728 -17.371 -14.574 -12.974 -10.912 -7.787 -3.375 2.631 10.088 18.923 30.043 43.142 56.010 67.605 78.978 91.571 106.127 121.205 134.398 144.936 153.684 163.007 173.951 184.734 192.794 194.756 191.496 185.596 178.053 169.421 159.776 148.527 135.886 122.591 108.950 94.878 80.580 66.401 52.698 40.277 31.146 27.419 25.141 16.941 4.950 -6.339 -16.695 -25.336 -30.865 -33.596 -33.677 -30.646 -26.103 -22.745 -22.616 -26.173 -29.638 -26.590 -16.242 -1.482 14.330 27.345 35.447 36.496 32.847 29.116 23.387 18.111 15.115 11.142 5.651 -0.663 -10.955 -26.113 -41.023 -52.029 -56.686 -55.872 -52.255 -47.491 -42.064 -35.975 -29.234 -21.922 -14.115 -5.946 1.723 6.724
23.734 30.578 40.376 50.350 59.719 68.277 76.105 83.820 91.176 96.562 100.342 104.430 112.004 122.590 129.598 132.635 131.583 124.052 108.378 87.264 64.827 43.234 25.386 12.471 2.689 -5.162 -11.744 -17.972 -24.020 -28.883 -31.275 -30.325 -27.160 -24.196 -22.583 -21.175 -18.426 -13.749 -7.424 0.444 9.728 19.605 29.885 41.622 54.126 66.525 78.988 92.409 107.505 123.863 141.011 158.293 173.585 184.238 190.600 197.074 205.556 209.102 205.853 198.940 189.866 179.195 167.104 153.381 138.351 122.771 106.953 90.718 74.319 58.188 43.118 30.767 23.110 19.426 13.468 0.593 -14.253 -26.585 -36.074 -43.348 -48.827 -52.728 -54.565 -53.856 -50.079 -43.328 -36.016 -31.434 -28.349 -20.149 -6.571 8.354 22.344 32.930 39.912 42.289 40.427 35.194 24.873 13.940 7.529 3.703 -1.111 -8.362 -20.870 -40.107 -57.788 -66.000 -66.714 -64.337 -60.618 -55.917 -50.284 -43.757 -36.423 -28.485 -20.018 -10.932 -2.330 3.162
23.007 30.973 42.394 54.041 64.991 74.973 83.929 92.146 99.418 104.885 109.278 114.213 122.296 132.870 138.607 138.264 132.357 121.667 108.663 94.856 78.333 58.257 37.783 19.973 4.613 -7.930 -17.321 -25.089 -31.825 -36.322 -37.811 -35.774 -32.712 -31.175 -30.599 -29.249 -25.593 -19.136 -10.889 -1.074 10.504 21.580 30.898 41.735 54.400 67.130 80.154 94.872 111.185 127.823 146.233 168.450 189.339 200.136 203.213 206.418 213.871 218.782 216.280 208.586 197.951 185.145 170.490 154.214 136.711 118.543 100.111 81.658 63.638 46.725 32.254 21.330 13.402 5.516 -6.176 -21.873 -36.687 -48.248 -56.782 -63.091 -68.164 -72.118 -74.058 -73.881 -70.334 -60.290 -44.723 -30.349 -20.970 -12.363 -1.828 8.520 17.611 24.684 29.884 33.372 34.932 33.018 24.364 11.297 1.325 -4.068 -8.577 -16.509 -31.776 -52.995 -69.896 -75.959 -75.551 -73.196 -69.739 -65.148 -59.442 -52.761 -45.189 -36.838 -27.764 -17.648 -7.483 -0.541
23.439 32.610 45.781 59.239 71.905 83.436 93.607 102.303 109.341 114.541 118.409 122.240 129.481 139.998 145.170 141.438 129.503 114.295 101.704 91.759 80.013 64.019 45.275 26.413 7.524 -9.693 -22.290 -30.856 -37.174 -41.314 -43.585 -43.507 -42.873 -43.283 -43.633 -42.407 -38.538 -31.798 -22.717 -10.960 3.121 16.926 29.808 44.018 58.260 69.822 80.136 93.247 109.560 126.994 146.491 171.562 196.780 209.132 211.508 212.559 217.938 224.037 223.137 215.127 203.066 188.334 171.450 152.820 132.886 112.149 91.192 70.738 51.565 35.083 22.487 11.527 -0.802 -15.298 -31.220 -46.911 -60.453 -71.363 -79.501 -85.245 -89.378 -92.007 -92.506 -90.672 -84.754 -70.750 -49.247 -28.355 -15.533 -9.387 -3.965 2.076 7.694 12.922 17.669 21.692 24.681 25.355 20.451 9.412 -1.871 -9.886 -16.789 -27.363 -44.732 -64.518 -78.117 -83.233 -83.610 -82.041 -79.106 -74.823 -69.307 -62.754 -55.045 -45.963 -35.620 -24.013 -12.047 -3.463
23.512 33.886 48.810 64.090 78.491 91.590 103.071 112.649 119.993 125.019 128.026 129.807 134.352 142.913 146.899 140.487 124.698 107.606 94.423 84.377 74.566 61.748 45.406 27.894 9.694 -8.090 -22.384 -32.732 -40.963 -47.682 -52.686 -55.619 -57.929 -60.175 -61.233 -60.134 -56.394 -49.725 -39.675 -26.224 -10.760 5.246 22.115 40.390 57.671 70.209 78.102 87.384 101.691 119.816 141.020 167.898 195.928 211.230 215.275 215.796 219.168 225.011 225.703 218.204 205.069 188.586 169.668 148.856 126.686 103.803 81.048 59.234 39.086 22.718 10.329 -3.819 -21.819 -40.566 -57.771 -72.685 -85.317 -95.731 -103.503 -108.733 -111.811 -112.634 -110.519 -104.802 -94.319 -77.436 -55.416 -33.589 -19.631 -14.686 -10.832 -5.408 -0.316 4.497 8.904 12.864 16.098 17.816 15.931 8.181 -3.037 -13.200 -23.614 -38.353 -56.551 -72.007 -81.927 -87.735 -90.247 -90.227 -88.232 -84.529 -79.399 -72.867 -64.633 -54.541 -42.824 -29.759 -16.308 -6.557
23.243 34.748 51.327 68.327 84.333 98.763 111.222 121.343 128.332 132.289 134.346 134.839 137.082 142.872 144.473 136.814 121.639 105.626 91.644 79.163 67.848 55.774 41.046 24.983 9.393 -5.204 -19.538 -33.700 -46.548 -57.389 -65.412 -70.778 -75.185 -78.720 -80.335 -79.448 -75.613 -68.033 -56.458 -42.161 -26.521 -9.644 8.714 28.550 48.412 65.268 76.664 85.015 95.834 111.800 132.510 159.406 188.138 205.796 212.668 214.484 216.724 221.092 223.104 217.153 203.685 185.781 165.051 142.293 118.248 93.828 69.860 46.615 24.686 6.742 -7.905 -25.994 -47.111 -66.392 -82.988 -97.371 -109.606 -119.580 -126.923 -131.598 -133.544 -132.137 -126.501 -116.329 -101.893 -84.092 -64.962 -46.268 -32.572 -26.581 -20.935 -13.093 -5.669 0.448 5.057 8.736 11.439 13.072 12.576 7.398 -2.806 -14.421 -27.107 -43.261 -59.979 -71.266 -78.789 -86.601 -92.851 -95.957 -95.804 -93.141 -88.685 -82.158 -73.343 -62.442 -49.747 -35.547 -20.904 -10.282
24.101 36.590 54.601 72.980 90.056 105.005 117.354 126.989 132.816 135.371 136.723 137.174 138.611 141.897 140.552 131.868 119.564 106.004 91.567 76.805 62.595 49.020 34.887 20.008 6.563 -5.315 -19.653 -36.886 -53.620 -67.908 -78.784 -86.735 -93.077 -97.723 -99.971 -99.408 -95.110 -86.124 -73.451 -59.132 -43.766 -26.741 -7.933 12.471 33.807 54.685 72.809 85.880 95.245 106.591 124.279 149.292 176.057 193.743 202.928 207.238 209.788 212.582 214.808 211.172 198.898 180.385 158.280 133.988 108.658 83.292 57.986 32.572 8.408 -11.995 -30.027 -50.597 -71.791 -90.210 -106.303 -120.477 -132.436 -141.955 -148.757 -152.491 -152.304 -147.352 -138.134 -125.502 -109.822 -92.979 -76.998 -61.616 -48.885 -40.907 -32.180 -21.338 -10.974 -2.286 4.325 8.883 11.390 12.521 12.005 8.617 0.239 -12.808 -27.159 -42.013 -55.759 -65.007 -71.858 -80.957 -90.526 -97.004 -99.026 -98.090 -95.413 -89.891 -81.132 -69.812 -56.414 -41.218 -25.427 -13.998
25.504 38.560 57.468 76.413 93.503 108.380 120.597 130.150 136.198 139.171 140.283 140.090 139.350 138.570 134.734 126.346 116.869 105.581 91.197 75.166 58.841 43.051 28.165 14.324 2.188 -9.778 -25.143 -43.457 -61.675 -77.764 -91.137 -102.147 -110.823 -116.814 -119.829 -119.397 -114.345 -104.365 -91.553 -77.627 -62.362 -45.096 -25.764 -4.656 17.696 40.748 63.550 82.961 94.983 102.920 116.519 138.164 161.761 178.756 189.103 195.861 199.470 200.702 201.866 200.280 190.154 171.976 149.170 123.961 97.961 71.914 45.137 17.925 -7.311 -29.540 -51.049 -73.032 -93.443 -111.469 -127.573 -141.609 -153.264 -162.272 -168.124 -169.804 -166.000 -156.980 -145.493 -133.071 -119.011 -104.552 -90.763 -77.780 -66.902 -56.616 -43.286 -28.974 -16.191 -5.209 3.754 10.304 14.394 16.403 15.946 12.835 4.895 -9.576 -25.377 -39.189 -51.009 -59.994 -67.004 -75.956 -86.422 -94.181 -97.671 -98.553 -98.252 -95.022 -87.472 -76.282 -62.307 -45.880 -28.549 -16.147
23.046 35.726 54.682 73.817 91.069 107.120 121.517 133.298 141.654 146.216 146.938 144.672 139.413 132.530 126.367 119.861 113.246 104.014 90.072 73.343 55.588 37.605 21.144 8.143 -2.833 -16.247 -33.459 -52.226 -70.304 -86.727 -102.057 -116.200 -127.749 -135.705 -139.651 -139.103 -133.314 -122.933 -110.489 -96.810 -81.165 -63.202 -43.066 -21.134 2.117 26.378 51.259 74.627 91.154 99.675 109.277 125.460 145.340 162.659 173.982 182.829 188.779 189.892 188.917 186.079 176.642 159.285 136.487 111.113 84.891 58.167 30.499 2.809 -22.184 -44.746 -68.304 -91.529 -112.173 -130.447 -146.560 -160.331 -171.559 -179.673 -183.384 -181.345 -173.678 -162.624 -151.339 -140.788 -129.431 -117.003 -104.089 -92.837 -84.050 -71.587 -53.045 -34.709 -19.638 -6.951 3.647 12.007 18.385 22.678 23.144 18.894 9.077 -7.176 -24.040 -37.136 -47.949 -57.235 -64.911 -73.527 -83.420 -91.381 -95.864 -97.448 -97.831 -96.382 -91.039 -80.959 -66.622 -48.875 -30.215 -17.205
15.541 27.775 46.821 67.131 86.722 106.155 124.330 138.992 149.474 155.614 156.836 152.590 141.613 128.050 120.105 115.866 111.284 103.085 89.195 71.758 52.759 33.065 15.152 1.733 -9.141 -23.348 -41.667 -60.780 -78.387 -94.559 -110.920 -127.289 -142.250 -153.907 -160.040 -159.944 -153.839 -143.113 -130.427 -116.122 -99.370 -80.083 -58.568 -35.313 -10.798 14.730 41.002 66.847 88.186 99.564 104.250 112.386 128.192 147.929 161.909 172.346 180.541 182.521 178.732 171.942 161.949 146.062 123.782 98.256 71.604 43.874 15.150 -13.679 -39.438 -61.231 -83.211 -105.857 -127.397 -146.613 -162.894 -176.306 -186.450 -191.776 -190.584 -183.449 -173.515 -163.753 -155.267 -147.091 -137.435 -125.514 -112.129 -101.049 -92.745 -78.755 -56.972 -35.061 -17.555 -3.488 8.139 17.707 25.676 31.250 31.906 26.827 15.364 -2.535 -20.615 -34.588 -46.233 -56.648 -65.571 -74.242 -83.320 -91.005 -95.465 -96.579 -95.852 -93.998 -90.389 -82.522 -69.109 -51.684 -33.795 -21.687
6.550 20.022 40.629 63.438 87.355 111.841 133.927 150.732 162.366 169.383 170.737 163.803 147.324 129.002 119.842 117.071 112.901 104.363 89.890 71.378 50.978 29.922 11.316 -2.936 -15.379 -30.384 -48.676 -67.304 -84.019 -98.918 -113.066 -128.552 -147.176 -166.444 -179.569 -182.647 -176.705 -165.374 -151.700 -135.772 -116.958 -95.318 -71.273 -45.589 -18.864 8.794 37.208 65.622 90.577 103.042 101.441 101.642 115.747 140.040 158.872 171.136 179.575 181.949 176.520 166.012 154.210 139.394 117.558 90.802 62.454 32.613 0.928 -31.544 -59.484 -79.687 -96.779 -116.106 -137.958 -158.731 -175.632 -187.979 -193.925 -190.627 -179.687 -167.951 -159.852 -154.733 -150.264 -144.384 -135.688 -123.236 -108.261 -96.285 -87.468 -72.280 -48.441 -22.759 -1.879 13.618 25.422 35.236 43.065 47.551 47.692 42.910 30.545 10.729 -9.085 -25.639 -40.688 -54.129 -65.121 -74.577 -83.990 -92.416 -97.299 -97.836 -95.184 -90.848 -86.591 -81.205 -71.850 -58.034 -42.361 -31.281
1.169 16.105 38.723 65.335 94.883 123.829 147.783 165.455 177.781 184.516 182.490 169.255 149.284 131.533 123.365 121.552 116.975 107.611 92.146 72.141 50.044 27.587 8.983 -5.286 -20.166 -37.131 -54.726 -70.849 -84.439 -94.525 -100.548 -109.120 -127.718 -157.562 -187.215 -201.511 -198.770 -187.598 -172.925 -154.952 -133.578 -109.111 -82.119 -53.683 -24.533 5.403 36.033 66.614 93.316 104.376 95.965 89.821 104.307 134.082 159.504 174.277 181.501 183.063 177.341 164.794 149.886 133.986 112.765 85.526 55.349 22.580 -13.693 -50.907 -81.006 -99.187 -109.921 -124.248 -144.817 -166.206 -182.663 -190.215 -184.418 -164.542 -141.679 -130.869 -132.234 -135.269 -135.119 -131.603 -124.082 -110.907 -94.034 -81.388 -72.058 -54.994 -28.388 1.143 26.460 44.874 57.350 66.272 71.842 74.440 74.766 70.254 56.698 35.400 14.334 -4.930 -24.815 -43.602 -58.427 -70.224 -81.750 -92.833 -100.035 -101.221 -97.463 -90.396 -83.545 -79.899 -76.214 -66.936 -52.266 -40.406
4.711 19.273 41.897 70.980 102.981 131.742 154.632 172.131 184.538 189.628 181.853 162.507 144.200 131.409 123.796 121.086 117.305 108.426 92.051 70.733 47.480 24.253 5.884 -8.184 -25.091 -44.171 -60.139 -70.994 -78.329 -80.855 -76.399 -71.088 -77.483 -113.430 -169.193 -207.169 -215.166 -206.985 -191.908 -172.032 -148.437 -121.909 -93.169 -63.297 -33.043 -2.355 28.728 59.497 85.574 93.312 79.375 69.617 82.578 114.926 147.630 165.512 170.666 169.861 164.162 152.072 135.129 117.296 97.779 72.620 42.082 7.057 -32.053 -70.904 -101.377 -117.620 -123.420 -133.419 -150.735 -169.137 -180.194 -175.286 -151.206 -116.763 -91.688 -90.502 -105.556 -117.875 -121.985 -120.727 -114.391 -101.146 -84.420 -72.576 -61.733 -41.571 -12.474 19.038 47.947 70.827 85.709 93.467 97.233 100.215 101.466 96.049 80.929 59.659 38.660 18.118 -4.497 -27.446 -46.729 -62.516 -77.077 -90.860 -100.563 -103.337 -99.864 -91.553 -82.050 -76.953 -74.386 -66.763 -52.151 -39.324
15.159 29.629 52.128 79.411 105.770 128.618 148.578 165.018 175.822 176.902 164.764 146.352 134.174 125.542 116.011 110.453 108.271 101.772 86.074 64.661 41.592 19.226 1.715 -12.149 -29.772 -49.556 -63.450 -68.247 -68.766 -66.683 -55.189 -33.687 -23.896 -61.559 -140.368 -202.245 -224.381 -222.573 -208.517 -186.958 -161.357 -133.335 -103.744 -73.529 -43.346 -13.277 16.692 45.974 69.704 72.948 54.714 43.482 53.297 85.144 123.737 145.027 148.974 145.730 139.334 128.762 112.170 93.229 74.889 52.658 22.601 -13.927 -52.792 -88.787 -116.841 -131.462 -135.531 -143.244 -155.893 -165.599 -162.205 -138.605 -101.829 -69.860 -57.438 -67.436 -90.360 -109.599 -118.197 -118.904 -112.925 -100.032 -86.480 -77.474 -64.343 -40.743 -10.192 21.640 51.964 77.684 94.056 101.678 107.213 112.654 114.051 106.668 90.008 69.737 49.700 29.226 7.198 -15.346 -36.353 -55.593 -72.819 -87.773 -98.805 -103.350 -100.347 -91.107 -78.562 -67.945 -61.752 -54.887 -41.696 -29.134
19.922 37.172 62.871 87.397 105.259 119.868 135.057 148.694 154.743 148.783 135.432 124.965 120.655 114.671 103.950 95.720 93.138 88.708 75.509 55.548 33.736 13.441 -2.436 -15.534 -32.019 -49.683 -60.853 -62.716 -61.186 -59.402 -45.315 -20.379 -16.508 -57.243 -133.494 -196.816 -225.857 -231.585 -221.487 -200.116 -173.067 -143.250 -112.482 -82.015 -52.274 -23.321 4.965 32.134 53.185 53.272 33.132 21.711 30.614 61.559 100.249 121.881 125.558 121.149 113.576 103.368 88.025 68.891 50.306 29.889 0.689 -35.176 -70.674 -101.989 -126.642 -139.560 -142.958 -148.816 -154.762 -148.971 -123.849 -85.489 -53.029 -38.950 -42.227 -57.393 -80.912 -104.653 -118.349 -121.225 -115.116 -102.641 -92.904 -86.704 -72.441 -47.508 -16.852 14.765 44.990 70.799 87.776 98.051 107.405 114.517 115.280 106.600 89.297 69.746 50.276 29.919 8.830 -12.015 -31.941 -50.952 -68.135 -83.095 -95.613 -101.766 -98.051 -86.391 -71.335 -57.369 -49.598 -45.069 -34.631 -23.298
17.443 36.747 64.014 87.525 102.626 111.779 120.269 128.237 127.311 115.442 105.254 103.405 104.601 100.908 91.242 81.462 76.798 73.255 62.862 45.379 25.498 7.370 -6.548 -17.783 -30.874 -43.683 -52.051 -55.748 -57.552 -57.578 -49.319 -42.359 -58.594 -94.693 -143.822 -189.191 -216.739 -228.158 -224.831 -207.931 -182.261 -151.571 -119.374 -88.278 -58.960 -31.292 -4.925 19.698 37.408 35.012 14.431 2.740 12.146 41.483 76.159 97.524 102.703 98.424 89.710 78.445 64.034 46.008 26.805 6.150 -21.014 -52.545 -83.002 -110.217 -132.091 -143.527 -145.158 -145.042 -137.614 -112.151 -70.893 -32.647 -16.485 -20.397 -33.730 -50.775 -72.773 -98.126 -116.497 -122.541 -117.608 -107.581 -101.667 -96.398 -82.020 -58.878 -30.261 0.394 29.925 55.396 74.868 90.603 103.837 111.741 112.235 103.446 86.275 66.962 47.505 27.012 6.014 -14.325 -32.970 -49.637 -64.335 -78.126 -90.826 -96.565 -91.555 -78.330 -62.811 -49.306 -42.631 -40.948 -33.509 -23.840
13.015 32.163 57.148 79.055 95.074 102.931 104.571 103.737 96.461 84.891 80.752 84.277 87.430 85.048 77.167 67.440 61.318 57.752 49.398 34.813 17.509 1.707 -9.926 -18.447 -27.046 -34.930 -42.592 -50.230 -54.910 -56.761 -62.338 -77.120 -99.959 -123.581 -149.791 -178.467 -200.578 -212.770 -214.494 -204.200 -183.531 -155.610 -124.041 -92.539 -63.495 -37.166 -12.891 8.708 22.164 16.724 -4.347 -16.460 -6.418 20.194 49.758 72.068 80.697 78.074 69.550 57.246 42.422 24.923 4.072 -18.141 -40.746 -64.879 -89.930 -113.719 -133.741 -144.697 -142.549 -128.670 -101.303 -62.167 -22.447 2.960 5.958 -6.069 -23.693 -42.556 -64.115 -89.642 -111.946 -121.642 -119.315 -114.686 -114.013 -109.152 -94.406 -73.502 -47.806 -18.601 10.550 36.795 59.775 80.368 96.864 106.155 107.175 98.757 82.117 63.181 43.618 22.631 0.658 -20.829 -38.968 -53.006 -64.626 -75.804 -85.583 -87.901 -81.486 -69.717 -55.931 -43.722 -38.458 -38.960 -33.991 -25.989
7.645 25.247 46.948 66.262 82.084 89.879 85.671 73.795 62.079 56.620 59.849 67.001 70.702 68.774 62.255 53.294 46.651 42.985 36.646 25.226 11.160 -1.772 -10.895 -16.460 -21.210 -26.680 -35.131 -43.614 -47.978 -56.353 -77.776 -100.908 -117.660 -131.795 -146.991 -164.091 -179.224 -188.048 -190.242 -185.017 -171.150 -149.906 -123.339 -93.858 -65.835 -41.086 -19.152 -1.125 8.097 0.232 -20.663 -30.750 -19.205 3.602 26.953 47.879 60.168 62.051 56.745 44.857 28.971 11.036 -11.246 -34.656 -53.443 -70.890 -90.480 -110.915 -130.090 -140.550 -131.395 -99.485 -55.798 -17.476 7.662 19.641 17.326 4.658 -13.366 -34.813 -59.236 -85.316 -108.571 -120.720 -122.689 -124.981 -128.317 -122.904 -106.537 -85.227 -61.070 -32.756 -3.274 22.779 45.532 66.843 85.416 97.458 100.092 92.280 76.996 58.994 37.852 12.821 -14.424 -40.098 -56.934 -65.329 -71.905 -78.320 -82.181 -78.610 -70.108 -60.894 -49.792 -38.691 -34.622 -37.101 -34.526 -28.295
2.963 17.482 35.583 52.144 66.392 73.546 64.787 44.038 31.327 32.631 41.606 51.810 56.400 54.828 49.076 40.921 34.464 30.909 26.341 17.967 7.198 -3.170 -10.256 -12.586 -13.598 -18.437 -27.146 -34.185 -41.121 -61.049 -92.343 -113.841 -123.337 -131.339 -138.774 -145.064 -152.845 -159.130 -159.759 -155.664 -146.949 -132.964 -113.768 -89.710 -65.128 -42.992 -23.937 -9.967 -4.648 -14.083 -33.924 -39.687 -25.920 -7.525 9.067 26.746 43.244 51.740 50.236 39.200 23.295 5.897 -14.701 -36.370 -54.201 -69.418 -85.257 -101.865 -118.059 -124.335 -107.201 -65.736 -20.179 7.763 20.485 26.364 23.011 10.576 -8.895 -34.477 -61.803 -85.839 -105.734 -119.461 -129.040 -139.355 -142.857 -133.791 -115.534 -93.345 -69.550 -41.923 -13.143 11.408 32.813 53.077 71.596 86.237 91.946 85.540 71.492 51.597 21.495 -16.530 -52.503 -78.271 -89.242 -91.294 -92.388 -90.186 -83.611 -71.685 -59.477 -50.565 -41.714 -32.514 -29.621 -33.909 -34.237 -30.393
-0.295 10.075 24.114 37.752 49.110 53.370 42.635 21.527 11.123 16.534 28.137 39.291 44.128 42.768 37.806 31.338 26.299 22.499 17.514 10.715 2.477 -5.701 -10.290 -8.748 -5.608 -8.572 -16.108 -24.870 -41.101 -70.938 -103.129 -121.810 -126.925 -127.023 -124.993 -123.258 -128.557 -137.440 -138.341 -131.777 -122.580 -111.269 -97.200 -79.483 -60.282 -42.422 -27.428 -17.576 -15.441 -25.895 -43.680 -45.945 -31.429 -16.289 -3.553 13.114 32.879 43.910 41.565 30.216 15.011 -2.074 -20.269 -37.449 -52.098 -65.631 -78.869 -90.097 -97.419 -95.496 -77.239 -42.946 -8.538 10.747 21.632 28.970 26.123 11.808 -11.294 -38.627 -63.375 -82.323 -97.279 -111.644 -129.958 -148.127 -151.558 -140.133 -121.280 -98.106 -73.113 -46.891 -22.028 -0.393 20.386 40.163 58.114 74.135 83.442 79.210 62.518 31.004 -15.507 -61.938 -92.955 -105.316 -107.177 -108.636 -109.987 -103.486 -89.348 -69.298 -51.167 -39.234 -31.072 -24.474 -22.923 -28.110 -31.280 -30.664
-3.608 2.917 13.081 23.156 29.310 28.218 18.853 5.191 -1.100 6.025 17.182 25.779 29.301 28.759 26.157 22.781 19.728 15.283 8.633 1.945 -4.486 -9.084 -8.726 -3.464 2.261 2.445 -3.683 -17.695 -42.865 -75.371 -104.320 -122.673 -126.784 -118.773 -108.696 -104.895 -111.322 -122.676 -125.490 -117.682 -105.299 -92.292 -79.762 -66.260 -51.789 -38.924 -29.294 -24.133 -25.848 -37.877 -51.839 -50.711 -36.602 -23.190 -10.814 6.695 25.286 33.134 28.487 17.040 2.054 -14.875 -31.618 -45.306 -55.032 -63.205 -70.213 -74.151 -72.678 -65.986 -54.508 -34.936 -13.978 0.453 14.988 27.839 26.101 8.648 -15.840 -39.298 -58.159 -72.055 -82.941 -99.084 -125.415 -147.717 -150.975 -138.896 -119.206 -95.459 -70.512 -46.500 -25.421 -6.784 11.197 28.097 44.829 60.356 70.442 66.712 41.224 -6.532 -56.453 -85.453 -94.755 -94.055 -91.730 -93.005 -96.254 -96.317 -88.975 -70.506 -48.901 -32.383 -22.064 -16.003 -14.628 -19.376 -24.539 -26.807
-4.650 -1.809 3.802 8.222 7.303 2.466 -2.267 -7.436 -10.452 -4.739 3.743 9.804 12.807 14.174 14.882 14.243 11.897 6.655 -0.599 -7.142 -11.800 -11.324 -4.617 3.832 10.898 12.756 6.276 -12.926 -42.649 -72.553 -97.050 -114.329 -117.796 -106.952 -95.527 -92.037 -97.120 -106.967 -112.241 -108.167 -96.142 -80.928 -66.194 -52.679 -40.274 -31.259 -27.417 -27.821 -34.785 -49.140 -58.636 -53.904 -40.219 -27.460 -14.111 2.544 15.177 18.641 14.042 3.173 -11.424 -27.300 -42.425 -53.210 -57.651 -57.173 -54.278 -52.630 -51.089 -47.538 -41.914 -31.196 -17.927 -7.229 7.380 23.639 23.130 4.732 -16.600 -34.052 -48.209 -58.409 -67.485 -88.132 -120.893 -143.012 -143.539 -129.370 -108.667 -86.050 -62.868 -40.510 -21.234 -5.432 8.270 20.633 33.735 45.238 51.354 43.562 7.707 -42.099 -72.763 -79.196 -77.410 -75.467 -73.773 -72.492 -72.507 -74.661 -76.121 -69.076 -52.058 -32.742 -18.011 -8.890 -6.015 -10.105 -16.856 -20.999
-3.800 -4.148 -5.146 -8.818 -14.631 -17.868 -16.462 -15.538 -17.728 -16.481 -11.724 -6.514 -2.566 0.844 3.875 4.240 1.538 -3.922 -10.228 -15.284 -16.813 -10.609 1.516 12.873 20.562 21.357 13.338 -7.805 -38.230 -65.141 -85.471 -98.798 -99.888 -91.669 -84.693 -81.651 -83.296 -89.977 -97.068 -98.764 -90.028 -73.883 -56.100 -39.717 -25.615 -17.248 -18.263 -24.659 -36.547 -52.848 -60.360 -54.588 -41.848 -28.806 -14.897 -2.299 3.082 3.351 -0.307 -9.861 -22.947 -36.367 -47.371 -51.576 -48.270 -40.790 -33.128 -32.222 -36.478 -37.580 -33.476 -25.818 -16.273 -7.871 3.281 16.753 17.217 3.242 -12.281 -25.160 -35.915 -43.706 -54.205 -79.153 -113.267 -132.894 -130.175 -113.946 -93.486 -72.818 -51.029 -29.527 -12.518 -0.450 9.913 18.936 27.028 32.007 31.241 15.738 -22.734 -56.779 -67.676 -68.195 -69.068 -70.114 -69.162 -65.806 -61.508 -58.950 -60.209 -61.676 -54.124 -36.439 -17.820 -3.691 1.365 -3.700 -12.371 -18.347
-7.182 -10.156 -18.262 -28.329 -34.099 -33.292 -27.482 -23.590 -27.422 -30.733 -28.608 -23.249 -17.741 -12.460 -7.960 -7.179 -9.960 -14.433 -18.026 -18.807 -14.586 -2.937 11.946 23.044 28.214 26.637 17.833 -2.094 -30.571 -54.994 -71.735 -79.506 -76.681 -71.790 -70.256 -69.219 -69.363 -74.317 -82.369 -86.833 -80.788 -65.942 -47.861 -29.724 -12.411 -0.625 -1.352 -10.941 -26.681 -45.187 -54.091 -51.154 -41.285 -27.816 -14.007 -7.623 -9.166 -10.488 -12.224 -19.047 -28.578 -36.038 -38.556 -34.278 -25.792 -19.237 -16.351 -19.729 -27.669 -31.283 -26.934 -19.456 -12.470 -5.526 1.249 7.348 7.832 2.267 -5.985 -14.993 -22.336 -28.812 -43.896 -73.136 -103.815 -117.778 -112.124 -95.671 -76.542 -56.864 -35.376 -15.823 -3.325 4.377 12.608 19.791 22.867 20.535 11.725 -9.831 -39.931 -56.221 -60.052 -63.615 -67.924 -70.258 -69.156 -64.796 -58.635 -52.568 -49.676 -51.771 -51.184 -38.785 -19.812 -2.195 5.346 -0.859 -10.570 -16.549
-16.492 -22.975 -33.769 -43.469 -47.229 -44.852 -38.260 -34.670 -40.806 -46.762 -45.739 -39.727 -32.231 -24.875 -19.384 -18.306 -20.488 -22.252 -20.149 -13.172 -3.067 10.045 23.696 30.946 31.796 28.642 19.856 2.187 -22.782 -44.148 -57.568 -60.863 -54.554 -49.863 -49.999 -51.194 -54.233 -61.643 -69.837 -72.674 -67.488 -55.708 -40.184 -23.429 -6.097 9.150 14.294 6.477 -10.059 -27.014 -36.491 -39.274 -35.313 -23.691 -11.672 -10.747 -16.457 -17.648 -16.465 -17.940 -20.285 -18.910 -14.083 -9.972 -6.901 -6.183 -7.914 -12.278 -19.820 -24.868 -19.930 -10.906 -5.760 -0.951 2.382 2.390 1.724 2.696 0.908 -3.899 -8.319 -15.647 -35.753 -67.722 -93.559 -100.621 -92.239 -76.712 -58.643 -38.631 -18.070 -2.328 5.803 10.425 16.487 21.795 20.557 11.589 -5.304 -29.309 -46.224 -51.746 -55.954 -62.205 -67.571 -69.851 -68.288 -63.494 -57.000 -49.897 -44.152 -43.231 -45.065 -39.335 -22.920 -4.422 5.249 0.737 -8.460 -13.257
-28.299 -37.309 -45.377 -49.961 -51.636 -49.464 -44.601 -44.252 -53.342 -61.332 -61.191 -54.520 -44.889 -35.397 -29.447 -28.021 -27.978 -23.904 -12.163 3.420 14.339 21.694 29.853 34.230 33.587 30.072 21.008 4.893 -15.849 -33.343 -43.423 -43.325 -34.276 -27.231 -25.443 -27.301 -35.804 -49.817 -58.807 -58.827 -52.972 -43.785 -31.930 -18.715 -4.666 10.863 20.837 15.307 0.873 -8.685 -13.571 -19.070 -19.570 -10.793 -1.760 -3.971 -9.973 -11.459 -10.471 -7.761 -2.674 4.562 9.007 5.042 -0.028 -2.333 -3.936 -6.477 -12.391 -18.085 -13.543 -3.855 0.553 3.716 5.538 3.198 2.122 6.230 8.962 8.698 5.799 -4.433 -27.042 -57.568 -79.133 -82.230 -72.180 -56.807 -38.903 -19.371 -1.527 11.267 18.141 21.009 23.797 25.624 20.287 6.773 -13.919 -35.936 -44.829 -47.663 -53.723 -60.811 -65.869 -67.374 -65.155 -60.374 -54.328 -47.445 -40.842 -37.700 -39.788 -38.825 -25.549 -8.440 2.006 1.874 -5.234 -11.227
-38.220 -46.889 -51.163 -50.777 -49.153 -45.900 -42.830 -46.792 -59.854 -71.408 -73.461 -66.816 -55.715 -44.629 -37.998 -34.649 -28.866 -15.064 6.851 26.471 32.465 29.170 29.375 33.061 33.612 30.207 21.125 6.450 -9.784 -22.859 -28.968 -25.064 -13.420 -3.425 1.500 0.326 -12.026 -32.073 -44.636 -45.884 -40.505 -32.575 -23.512 -13.919 -3.208 10.811 21.481 15.858 1.971 -3.379 -3.568 -6.453 -4.274 6.723 14.160 10.081 5.145 1.454 -3.201 -3.262 4.397 13.210 13.689 5.401 -0.741 -1.685 -0.962 -1.086 -5.097 -10.597 -8.263 -0.774 3.397 6.353 8.049 5.448 5.069 10.995 17.347 20.952 18.181 5.994 -16.303 -44.452 -62.973 -63.783 -51.965 -34.998 -17.082 0.075 15.612 28.562 35.795 36.255 34.282 31.001 21.114 4.029 -16.479 -32.799 -39.286 -44.206 -51.746 -58.752 -62.877 -62.909 -59.634 -55.176 -50.076 -43.967 -37.768 -34.132 -35.456 -36.161 -26.662 -13.016 -4.467 -1.390 -2.951 -8.134
-37.885 -49.050 -53.729 -50.818 -46.173 -40.873 -37.385 -42.906 -58.670 -74.676 -80.389 -75.051 -63.677 -51.560 -42.727 -33.365 -17.627 4.878 29.030 44.639 44.880 34.304 27.054 28.290 29.892 27.684 20.500 8.206 -4.355 -13.334 -14.887 -6.583 7.845 20.950 28.978 27.706 12.519 -9.550 -25.036 -31.065 -29.802 -24.208 -17.079 -9.889 -1.222 11.322 20.204 12.089 -4.199 -11.086 -11.395 -11.966 -3.169 14.750 21.763 15.289 10.051 4.281 -4.764 -8.576 -0.943 7.444 4.615 -2.290 -4.165 -1.760 1.927 4.701 3.585 -0.678 -1.405 2.372 6.035 8.155 9.181 7.297 7.814 15.046 24.675 30.639 28.375 17.575 -3.515 -31.521 -47.476 -45.133 -32.045 -14.607 3.504 20.385 36.732 50.952 57.387 54.124 46.241 37.351 23.257 2.549 -18.018 -29.053 -34.132 -40.817 -48.978 -55.703 -58.903 -57.355 -52.758 -48.448 -44.274 -39.165 -34.073 -31.094 -31.830 -33.716 -29.160 -19.922 -16.324 -15.222 -10.263 -8.372
-25.137 -40.134 -49.581 -49.708 -46.202 -40.139 -35.084 -40.426 -57.278 -75.299 -83.447 -79.901 -68.897 -55.271 -41.052 -21.637 3.104 26.727 44.811 53.760 51.305 38.453 24.445 20.058 22.060 23.274 19.716 10.138 0.313 -5.242 -2.777 9.559 27.577 44.660 55.741 53.075 34.452 12.807 -3.390 -14.338 -19.035 -17.854 -12.920 -6.488 1.303 12.113 18.103 6.332 -13.354 -23.009 -23.947 -21.366 -7.841 12.985 18.801 10.587 4.288 -2.476 -11.926 -16.638 -11.702 -6.024 -8.508 -10.882 -7.881 -1.942 4.920 11.126 14.201 12.669 10.033 11.010 12.867 10.543 8.108 7.218 9.637 18.840 31.689 39.019 38.459 31.462 11.780 -17.336 -31.770 -27.525 -15.366 1.163 22.036 44.078 63.837 77.707 80.690 71.650 56.340 41.838 25.481 3.072 -17.941 -26.389 -30.257 -37.041 -44.768 -50.803 -53.272 -50.977 -45.766 -41.520 -37.919 -33.638 -29.874 -28.320 -29.895 -34.727 -35.964 -30.719 -32.303 -35.686 -27.570 -18.819
-15.993 -25.888 -34.485 -39.443 -42.300 -39.712 -36.041 -43.476 -62.024 -79.692 -88.035 -84.795 -71.721 -53.778 -32.568 -6.548 19.281 39.107 51.895 57.047 53.344 39.369 20.761 11.239 12.027 15.935 16.179 10.096 3.604 1.422 7.268 23.106 45.181 66.817 81.413 78.682 57.746 35.489 17.590 1.703 -9.222 -12.401 -8.663 -1.423 6.497 15.074 17.998 4.032 -17.155 -27.948 -28.642 -23.770 -9.707 8.757 12.512 3.786 -2.853 -9.406 -17.519 -22.317 -22.928 -22.955 -23.222 -19.423 -11.622 -2.140 8.124 18.478 26.768 28.529 24.582 23.211 22.601 14.985 7.159 5.628 10.698 22.548 37.716 46.797 49.556 46.493 27.144 -4.392 -19.278 -14.414 -2.063 16.660 43.130 71.906 95.724 108.640 105.542 86.467 60.046 40.007 25.037 5.156 -14.737 -22.781 -26.464 -32.605 -39.208 -44.036 -45.342 -42.500 -37.848 -34.383 -31.568 -28.322 -26.022 -26.207 -29.653 -38.554 -45.397 -43.062 -47.471 -53.377 -44.912 -33.678
-19.450 -19.471 -18.585 -20.771 -26.950 -29.549 -31.637 -44.131 -65.212 -83.260 -92.391 -87.938 -69.016 -45.010 -20.730 3.861 25.877 42.979 54.118 57.773 52.657 37.151 16.210 4.197 3.051 6.436 8.614 6.977 5.227 6.832 16.067 35.312 61.017 86.753 104.998 103.720 81.766 57.227 35.524 14.237 -1.860 -7.393 -3.306 5.320 13.897 20.969 21.787 7.197 -14.391 -25.545 -26.304 -21.490 -9.281 5.472 7.042 -1.735 -8.104 -14.254 -21.938 -27.276 -31.438 -37.323 -39.382 -30.709 -16.629 -2.538 11.707 26.659 39.553 43.395 38.499 35.424 33.035 22.401 10.052 5.552 10.938 23.500 39.533 51.353 58.443 58.810 39.255 4.831 -11.235 -4.921 10.978 35.077 67.085 100.346 127.240 140.184 130.206 96.770 57.154 33.613 22.796 7.891 -9.660 -18.211 -22.353 -27.624 -32.826 -36.107 -35.340 -30.755 -26.396 -24.340 -23.494 -22.654 -22.538 -24.658 -30.030 -41.944 -52.672 -53.429 -60.551 -68.052 -60.420 -48.396
-27.451 -21.556 -13.437 -8.224 -8.389 -10.707 -17.348 -33.835 -56.770 -77.095 -89.553 -84.786 -61.203 -35.187 -13.270 7.497 27.197 43.739 54.519 57.176 50.515 33.314 10.930 -1.762 -3.525 -1.273 1.010 2.618 5.523 11.053 23.832 46.479 75.097 103.975 125.314 125.468 102.338 74.211 47.248 21.444 3.381 -2.172 2.993 12.657 21.172 27.061 27.381 13.652 -8.206 -20.340 -21.656 -17.417 -6.869 4.844 4.241 -5.250 -12.565 -20.230 -29.143 -35.165 -39.994 -49.857 -58.066 -47.896 -25.590 -3.805 16.346 36.029 51.537 56.084 50.956 47.110 43.881 32.371 17.298 8.009 9.470 20.319 37.311 52.899 64.535 68.362 50.005 14.836 -1.598 5.825 24.993 54.141 90.506 126.307 153.528 163.119 141.962 92.892 48.092 28.219 21.961 10.835 -4.811 -13.833 -18.236 -22.492 -26.039 -27.228 -23.726 -16.636 -11.796 -11.122 -12.889 -15.260 -18.033 -22.603 -29.756 -42.602 -55.562 -62.050 -74.022 -82.725 -75.525 -62.265
-33.730 -25.508 -16.045 -7.361 -1.333 0.639 -3.565 -17.998 -40.501 -63.632 -80.326 -77.121 -53.819 -30.528 -12.039 7.035 26.587 43.328 53.785 55.352 47.101 28.305 4.879 -7.714 -8.759 -6.192 -3.751 -0.672 5.166 13.955 30.207 56.454 88.037 119.434 142.999 143.329 117.188 84.270 52.826 25.351 8.224 3.900 10.079 20.051 27.168 31.129 31.724 19.658 -1.686 -14.592 -16.478 -12.530 -3.137 6.154 3.358 -7.881 -17.642 -27.948 -38.722 -45.883 -50.882 -62.135 -75.508 -67.988 -39.904 -7.521 22.027 46.832 63.293 67.737 62.746 58.841 55.718 43.920 25.237 8.555 3.198 12.609 33.641 55.059 71.566 78.867 62.177 26.851 9.770 17.344 38.816 71.800 111.570 149.204 173.541 168.390 123.360 63.580 29.053 21.211 20.187 12.527 -1.166 -10.203 -14.384 -17.399 -18.848 -17.270 -10.808 -1.258 4.300 3.704 -0.747 -6.427 -12.431 -19.907 -28.940 -41.835 -56.214 -69.016 -86.040 -95.216 -87.286 -72.875
-39.332 -30.257 -20.866 -11.690 -3.674 1.043 0.381 -10.933 -32.450 -56.416 -73.567 -70.462 -49.760 -30.215 -13.696 5.201 25.161 42.031 51.907 52.196 42.419 22.306 -1.772 -13.879 -13.650 -9.669 -5.790 -1.572 4.995 15.624 35.180 65.586 101.297 136.255 162.110 160.662 128.234 89.550 55.785 28.864 13.565 10.828 17.617 27.198 33.096 36.034 36.262 24.422 3.580 -9.559 -11.884 -8.424 -0.903 5.603 1.085 -11.375 -23.192 -35.626 -48.184 -56.993 -62.509 -73.408 -87.934 -83.312 -54.727 -14.395 25.202 55.826 74.034 78.811 74.248 71.284 68.516 53.765 28.336 4.755 -5.430 3.073 28.348 56.819 79.085 89.912 74.430 38.032 19.352 26.773 50.674 86.959 129.467 168.205 186.302 157.563 85.941 27.874 10.282 12.948 16.075 12.356 1.223 -7.265 -10.719 -12.132 -11.197 -6.691 2.751 14.739 21.048 19.160 11.941 2.854 -6.533 -17.075 -28.138 -41.027 -55.121 -70.963 -92.410 -103.907 -96.113 -81.182
-45.350 -36.058 -25.984 -16.172 -7.597 -2.084 -1.640 -11.905 -32.545 -54.672 -68.737 -64.936 -48.009 -31.808 -16.140 2.931 23.164 39.863 48.697 47.399 36.408 15.534 -8.717 -20.041 -18.360 -12.659 -6.806 -1.469 4.821 16.535 38.770 72.410 112.405 152.260 180.572 176.181 137.103 93.449 58.195 31.882 18.467 17.830 24.907 32.692 38.358 43.998 43.384 29.169 7.887 -5.485 -8.459 -5.938 -0.643 3.106 -2.517 -15.272 -28.257 -42.368 -56.711 -67.108 -73.124 -83.241 -96.450 -91.143 -62.245 -19.474 24.999 60.840 82.904 88.886 84.174 82.174 78.532 57.465 26.321 1.962 -8.484 -2.066 22.751 55.663 83.549 98.505 84.478 46.551 26.086 33.953 60.150 98.825 142.825 179.332 185.284 136.668 56.880 9.337 2.482 9.042 13.248 11.312 2.320 -4.886 -7.140 -6.759 -3.444 3.850 16.238 30.700 37.770 34.566 24.534 11.993 -0.797 -14.364 -27.502 -40.758 -54.137 -70.406 -93.970 -108.220 -102.322 -87.897
-50.742 -41.635 -30.725 -20.027 -11.009 -5.126 -4.221 -13.592 -32.006 -49.595 -60.432 -60.938 -50.849 -35.974 -19.121 0.432 20.707 36.930 44.324 41.225 29.381 8.331 -15.605 -25.890 -22.712 -15.355 -7.663 -1.237 4.701 16.893 40.545 75.084 116.700 158.657 185.805 177.758 137.736 94.232 58.712 32.949 21.561 23.555 30.784 34.714 39.056 49.338 49.746 33.489 11.582 -2.001 -5.595 -4.112 -0.835 0.536 -5.955 -18.653 -32.302 -47.829 -63.879 -75.608 -81.974 -91.304 -102.480 -93.477 -60.704 -17.116 26.669 64.318 90.155 97.629 91.325 88.559 83.148 56.908 24.700 3.310 -5.931 -1.791 18.737 49.317 79.463 100.207 89.969 51.353 29.578 38.553 66.403 105.084 146.113 172.083 157.184 97.739 33.136 2.854 1.477 8.286 11.256 8.698 1.770 -3.099 -3.784 -1.638 3.934 13.871 29.100 45.960 53.760 49.267 36.468 20.475 4.331 -12.009 -27.094 -41.486 -55.922 -71.911 -92.893 -106.999 -103.321 -90.318
-53.443 -45.156 -34.180 -22.991 -13.660 -7.508 -6.134 -13.750 -27.486 -38.233 -47.633 -57.923 -57.134 -41.792 -22.259 -2.136 17.918 33.486 39.539 34.875 22.236 1.186 -22.066 -31.118 -26.490 -17.727 -8.760 -1.610 4.005 15.709 39.266 73.428 114.621 155.884 180.383 170.065 132.190 91.073 56.294 31.641 22.269 25.665 30.746 30.737 36.683 52.332 54.297 36.966 14.649 0.970 -3.013 -2.353 -0.732 -1.392 -8.804 -21.504 -35.443 -51.927 -69.289 -82.043 -88.629 -97.080 -105.877 -92.370 -55.276 -11.758 29.991 67.860 95.834 104.300 96.877 93.147 86.527 58.178 26.483 6.762 -2.135 0.278 15.261 38.100 65.153 89.595 84.260 47.299 26.209 36.587 64.302 97.463 126.710 137.778 109.441 54.659 13.919 -0.104 1.054 6.519 8.227 5.126 0.487 -1.720 -0.807 2.963 10.600 22.971 40.820 59.881 68.343 62.639 47.167 27.590 8.045 -10.491 -27.030 -42.752 -58.223 -71.954 -87.350 -99.842 -98.834 -88.153
-54.383 -47.696 -36.453 -24.339 -14.804 -8.755 -7.158 -12.115 -19.736 -25.670 -37.209 -55.459 -60.330 -44.786 -24.326 -4.523 14.926 29.638 34.513 28.690 15.373 -5.528 -27.770 -35.460 -29.505 -19.638 -9.967 -2.545 2.588 12.308 33.701 67.454 108.460 149.346 175.472 167.485 128.622 85.887 51.346 27.875 18.262 16.782 14.750 15.616 31.796 55.079 57.834 39.262 16.766 3.232 -1.059 -1.057 -0.465 -2.476 -10.831 -23.850 -37.748 -54.550 -72.670 -85.981 -92.154 -98.921 -104.973 -88.446 -50.528 -8.497 32.274 70.218 97.232 104.643 99.601 98.022 90.234 60.825 29.462 10.057 1.063 2.460 13.907 30.575 50.324 66.951 56.768 20.277 2.432 15.137 42.007 68.406 86.590 93.345 72.691 32.436 6.491 -0.512 0.088 3.520 5.387 3.184 0.156 -0.404 1.727 6.889 16.319 30.808 50.911 71.848 80.890 74.129 56.216 33.119 10.300 -9.796 -27.327 -44.438 -60.089 -70.026 -79.720 -89.741 -90.447 -81.864
-53.662 -49.779 -38.387 -24.644 -14.642 -8.725 -6.615 -8.633 -12.142 -17.886 -32.922 -54.173 -59.941 -44.620 -25.201 -6.612 11.831 25.307 28.895 22.362 8.847 -11.535 -32.443 -38.711 -31.618 -20.929 -10.875 -3.438 0.893 7.318 24.492 57.120 98.462 139.273 167.207 161.968 122.327 78.266 44.128 19.677 2.946 -10.164 -15.459 -2.194 29.899 59.336 60.138 39.041 17.076 4.606 0.237 -0.336 -0.246 -2.622 -11.400 -24.960 -38.725 -55.210 -73.256 -85.980 -89.610 -92.685 -96.871 -80.973 -46.222 -6.811 33.376 70.759 94.307 99.573 102.034 105.769 92.281 60.512 31.009 12.364 3.411 4.349 14.432 28.386 41.098 42.445 16.690 -23.223 -37.384 -22.019 5.474 32.950 54.642 68.276 58.897 28.029 6.653 0.722 0.080 2.000 4.120 2.847 0.580 0.761 3.751 10.041 20.920 37.051 58.679 80.859 90.582 83.240 63.450 37.652 12.319 -9.117 -27.763 -46.865 -62.939 -68.888 -73.734 -80.032 -78.476 -68.851
-46.966 -47.405 -38.383 -24.235 -13.788 -7.510 -4.121 -4.331 -7.484 -15.064 -32.030 -53.698 -58.927 -43.912 -25.744 -8.387 8.905 20.905 23.158 16.327 3.096 -16.444 -35.848 -40.771 -32.800 -21.582 -11.365 -4.014 -0.366 3.241 15.175 43.472 84.335 125.816 153.861 149.550 111.467 68.843 34.768 3.604 -27.536 -47.100 -40.045 -4.857 42.800 71.452 63.377 36.945 15.839 5.214 1.064 0.048 -0.127 -2.193 -10.586 -24.406 -37.819 -53.037 -69.341 -79.478 -79.027 -78.869 -84.571 -73.206 -42.834 -5.768 33.747 70.497 91.834 96.726 107.291 113.514 87.995 54.323 30.262 13.619 4.948 5.623 14.923 27.192 34.538 25.431 -8.632 -48.911 -60.566 -43.952 -15.882 14.655 42.669 61.645 56.417 28.569 8.327 2.300 0.906 1.685 3.231 2.477 0.847 1.516 5.169 12.326 24.241 41.258 62.828 84.905 96.033 89.397 68.609 41.118 14.115 -8.564 -28.449 -50.066 -67.197 -69.076 -69.357 -71.301 -64.652 -51.446
-37.415 -42.136 -36.543 -23.293 -12.860 -6.092 -1.701 -1.672 -5.810 -14.429 -31.732 -53.133 -58.077 -43.481 -26.106 -9.514 6.965 17.966 19.377 12.395 -0.570 -19.418 -37.699 -41.713 -33.239 -21.773 -11.522 -4.213 -0.817 1.238 8.651 31.453 71.453 114.577 142.962 139.051 102.656 61.662 26.687 -13.587 -56.932 -72.814 -48.820 5.036 64.758 88.313 68.375 36.077 15.042 5.499 1.505 0.234 -0.097 -1.889 -9.770 -23.361 -36.079 -49.552 -63.244 -70.304 -67.722 -68.151 -76.884 -69.070 -41.140 -5.244 33.741 70.131 90.935 95.993 109.367 113.308 78.334 46.278 28.613 14.080 5.722 6.245 14.991 25.791 28.810 15.030 -17.844 -54.576 -64.706 -47.985 -20.134 10.879 40.271 60.294 55.958 29.192 9.480 3.367 1.509 1.273 2.007 1.747 0.807 1.818 5.893 13.573 26.035 43.203 63.485 84.436 97.333 92.311 71.324 42.989 15.039 -8.504 -29.275 -52.903 -71.068 -69.635 -66.337 -65.578 -56.018 -40.891

# Top 10 maximum values:
# Index_r, Index_theta, r_value, theta_value, z_value
12, 56, 2.500000, 2.958333, 217.937697
13, 59, 2.700000, 3.115413, 218.203756
11, 57, 2.300000, 3.010693, 218.781830
13, 56, 2.700000, 2.958333, 219.168292
14, 57, 2.900000, 3.010693, 221.092267
14, 58, 2.900000, 3.063053, 223.104349
12, 58, 2.500000, 3.063053, 223.137359
12, 57, 2.500000, 3.010693, 224.036766
13, 57, 2.700000, 3.010693, 225.011108
13, 58, 2.700000, 3.063053, 225.703475

# Analysis of potential symmetric artifacts:
# Found 7 local maxima
# Local maxima (r, theta, z_value, angle_degrees):
2.7000, 0.7592, 146.899222, 43.50°
2.7000, 3.0107, 225.011108, 172.50°
4.3000, 0.4974, 189.628184, 28.50°
4.7000, 5.1051, 114.517406, 292.50°
8.5000, 4.7386, 186.302420, 271.50°
8.9000, 1.8064, 185.804816, 103.50°
9.9000, 3.6914, 109.367483, 211.50°

# Potential symmetric pairs (difference close to π):
# Pair 1 and 7: Angles 43.50° and 211.50°
# - Angular difference: 168.00° (π = 180°)
# - Radii: 2.70 and 9.90
# - Z values: 146.899222 and 109.367483

# Pair 3 and 7: Angles 28.50° and 211.50°
# - Angular difference: 177.00° (π = 180°)
# - Radii: 4.30 and 9.90
# - Z values: 189.628184 and 109.367483

# Pair 4 and 6: Angles 292.50° and 103.50°
# - Angular difference: 171.00° (π = 180°)
# - Radii: 4.70 and 8.90
# - Z values: 114.517406 and 185.804816

# Pair 5 and 6: Angles 271.50° and 103.50°
# - Angular difference: 168.00° (π = 180°)
# - Radii: 8.50 and 8.90
# - Z values: 186.302420 and 185.804816

