# Weights Data for Iteration 2
# Number of State 2 markers: 510
# Min weight: 6.679814e-33
# Max weight: 5.373440e-01
# Sum of weights: 1.000000
# Entropy of weights: 1.268497

# Marker_Index_in_St2_Set, X, Y, Amplitude, Weight
0, 7.3824, -6.3929, 1238.64, 7.954695e-21
1, 7.6280, -6.2942, 1238.64, 8.308936e-21
2, 7.5152, -6.4584, 1238.64, 8.661129e-21
3, 7.4328, -6.6083, 1238.64, 8.775093e-21
4, 7.4187, -6.3831, 1238.64, 8.067223e-21
5, 7.3860, -6.3586, 1238.64, 7.819045e-21
6, 7.4064, -6.3646, 1238.64, 7.935955e-21
7, 7.4023, -6.3288, 1238.64, 7.751842e-21
8, 7.1790, -6.4259, 1238.64, 7.014031e-21
9, 7.5057, -6.5900, 1238.64, 8.928200e-21
10, 7.3798, -6.2643, 1238.64, 7.315938e-21
11, 7.6065, -6.3191, 1238.64, 8.372832e-21
12, 7.4037, -6.4129, 1238.64, 8.127861e-21
13, 7.3825, -6.5369, 1238.64, 8.454940e-21
14, 7.3350, -6.3529, 1238.64, 7.549763e-21
15, 7.4247, -6.3715, 1238.64, 8.041988e-21
16, 7.3656, -6.2113, 1238.64, 6.946368e-21
17, 7.5302, -6.4430, 1238.64, 8.652041e-21
18, 7.3675, -6.4124, 1238.64, 7.969819e-21
19, 7.4647, -6.4553, 1238.64, 8.505023e-21
20, 7.2388, -6.4690, 1238.64, 7.546097e-21
21, 7.5029, -6.5455, 1238.64, 8.846405e-21
22, 7.5167, -6.4355, 1238.64, 8.593766e-21
23, 7.5588, -6.4369, 1238.64, 8.698498e-21
24, -2.8821, 0.8673, 1055.09, 5.145464e-02
25, 7.6258, -6.3542, 1238.64, 8.546102e-21
26, 7.3487, -6.5328, 1238.64, 8.306820e-21
27, 7.3539, -6.4025, 1238.64, 7.865831e-21
28, 7.5667, -6.4731, 1238.64, 8.814927e-21
29, 7.4143, -6.3458, 1238.64, 7.883808e-21
30, 7.4012, -6.6117, 1238.64, 8.683493e-21
31, 7.3844, -6.4491, 1238.64, 8.185590e-21
32, 7.4581, -6.3906, 1238.64, 8.248701e-21
33, 7.4250, -6.5496, 1238.64, 8.637647e-21
34, -0.0555, 0.0565, 896.47, 2.984773e-10
35, 7.4914, -6.3555, 1238.64, 8.218749e-21
36, 7.2247, -6.4731, 1238.64, 7.483193e-21
37, 7.6045, -6.4194, 1238.64, 8.730191e-21
38, 7.4754, -6.6351, 1238.64, 8.918389e-21
39, 7.4919, -6.3571, 1238.64, 8.226935e-21
40, 7.4331, -6.3442, 1238.64, 7.954571e-21
41, 7.3703, -6.4045, 1238.64, 7.949638e-21
42, 7.4423, -6.5069, 1238.64, 8.586386e-21
43, 7.4196, -6.3841, 1238.64, 8.075404e-21
44, 7.3781, -6.4188, 1238.64, 8.042515e-21
45, 7.2900, -6.4432, 1238.64, 7.718471e-21
46, 7.2926, -6.4321, 1238.64, 7.686782e-21
47, 7.4913, -6.6242, 1238.64, 8.941141e-21
48, 7.3538, -6.3030, 1238.64, 7.394523e-21
49, 7.6146, -6.3907, 1238.64, 8.655500e-21
50, 7.4258, -6.4946, 1238.64, 8.495560e-21
51, 7.4195, -6.3776, 1238.64, 8.047259e-21
52, 7.6073, -6.4149, 1238.64, 8.721111e-21
53, 7.5073, -6.3570, 1238.64, 8.275677e-21
54, 7.5904, -6.4040, 1238.64, 8.657669e-21
55, 7.6262, -6.3671, 1238.64, 8.593266e-21
56, 7.2816, -6.3600, 1238.64, 7.302857e-21
57, 7.4134, -6.3350, 1238.64, 7.829670e-21
58, 7.4062, -6.4376, 1238.64, 8.232511e-21
59, 5.6163, -4.7711, 436.93, 3.327394e-24
60, 7.5370, -6.5721, 1238.64, 8.961722e-21
61, 7.4972, -6.3133, 1238.64, 8.049747e-21
62, 7.3936, -6.2585, 1238.64, 7.350141e-21
63, 7.3744, -6.3662, 1238.64, 7.801346e-21
64, 7.4092, -6.3014, 1238.64, 7.647362e-21
65, 7.4537, -6.3194, 1238.64, 7.920475e-21
66, 7.6154, -6.4812, 1238.64, 8.907291e-21
67, 7.4917, -6.2981, 1238.64, 7.959040e-21
68, 0.1769, -0.0696, 896.47, 4.117634e-12
69, 7.6864, -6.2015, 1238.64, 7.972727e-21
70, 7.2840, -6.3936, 1238.64, 7.473647e-21
71, 7.5743, -6.5125, 1238.64, 8.918238e-21
72, 7.3763, -6.3265, 1238.64, 7.622260e-21
73, 7.3476, -6.2611, 1238.64, 7.139081e-21
74, 7.4631, -6.4857, 1238.64, 8.593016e-21
75, 7.4902, -6.3992, 1238.64, 8.389405e-21
76, 7.5492, -6.4217, 1238.64, 8.629569e-21
77, 7.5335, -6.4713, 1238.64, 8.741991e-21
78, 7.4259, -6.3750, 1238.64, 8.061696e-21
79, 7.3444, -6.2470, 1238.64, 7.043731e-21
80, -5.8301, 0.5230, 854.77, 1.989833e-18
81, 7.3247, -6.4442, 1238.64, 7.896852e-21
82, 7.3678, -6.4783, 1238.64, 8.218263e-21
83, 7.4551, -6.3651, 1238.64, 8.132122e-21
84, 7.5094, -6.3095, 1238.64, 8.072969e-21
85, 7.4153, -6.3879, 1238.64, 8.073682e-21
86, 7.3516, -6.2855, 1238.64, 7.291712e-21
87, 7.5204, -6.5693, 1238.64, 8.926411e-21
88, 7.4553, -6.4606, 1238.64, 8.491784e-21
89, 7.4687, -6.3444, 1238.64, 8.091794e-21
90, 7.4572, -6.2411, 1238.64, 7.533514e-21
91, 8.9395, -4.4816, 1057.39, 6.129161e-22
92, 7.3336, -6.4586, 1238.64, 7.994451e-21
93, 7.5143, -6.3874, 1238.64, 8.418142e-21
94, 7.5144, -6.2206, 1238.64, 7.638430e-21
95, 7.4141, -6.3302, 1238.64, 7.810002e-21
96, 7.5916, -6.2489, 1238.64, 8.018795e-21
97, 0.0106, -0.1885, 896.47, 1.398684e-11
98, 7.4226, -6.3435, 1238.64, 7.908388e-21
99, 7.5181, -6.4785, 1238.64, 8.725373e-21
100, 7.3322, -6.4932, 1238.64, 8.111024e-21
101, 7.3904, -6.5211, 1238.64, 8.441780e-21
102, 7.5467, -6.5611, 1238.64, 8.961250e-21
103, 7.5311, -6.5143, 1238.64, 8.843283e-21
104, 7.3648, -6.4462, 1238.64, 8.090443e-21
105, 7.6202, -6.2797, 1238.64, 8.229414e-21
106, 7.3832, -6.4137, 1238.64, 8.044928e-21
107, 0.2180, -1.7087, 653.00, 6.612366e-22
108, 7.3948, -6.1458, 1238.64, 6.694335e-21
109, 7.6416, -6.3851, 1238.64, 8.676103e-21
110, 7.4270, -6.4230, 1238.64, 8.259253e-21
111, 7.3282, -6.4620, 1238.64, 7.981766e-21
112, 7.5647, -6.5323, 1238.64, 8.941425e-21
113, 7.2676, -6.5395, 1238.64, 7.949448e-21
114, 7.3354, -6.3054, 1238.64, 7.314606e-21
115, 7.4472, -6.3356, 1238.64, 7.970938e-21
116, 7.5750, -6.5137, 1238.64, 8.921807e-21
117, 7.5673, -6.2686, 1238.64, 8.051697e-21
118, 7.3321, -6.1952, 1238.64, 6.678289e-21
119, 7.2202, -6.4821, 1238.64, 7.492897e-21
120, 7.4916, -6.2672, 1238.64, 7.804676e-21
121, 7.4500, -6.4435, 1238.64, 8.416582e-21
122, 7.4869, -6.4225, 1238.64, 8.464348e-21
123, 7.4691, -6.5297, 1238.64, 8.725603e-21
124, 7.3709, -6.3440, 1238.64, 7.681639e-21
125, 7.6028, -6.4960, 1238.64, 8.923966e-21
126, 7.3868, -6.5299, 1238.64, 8.452511e-21
127, 7.4957, -6.4598, 1238.64, 8.612775e-21
128, 7.5864, -6.3415, 1238.64, 8.421924e-21
129, 7.4894, -6.2433, 1238.64, 7.671217e-21
130, 7.3859, -6.4857, 1238.64, 8.317742e-21
131, 7.4116, -6.3689, 1238.64, 7.976784e-21
132, 7.4638, -6.3923, 1238.64, 8.275119e-21
133, 7.4461, -6.1514, 1238.64, 6.964729e-21
134, -2.9771, 0.7068, 1055.09, 8.386015e-02
135, 7.4339, -6.5300, 1238.64, 8.619634e-21
136, 7.4062, -6.2363, 1238.64, 7.285996e-21
137, 7.3812, -6.4578, 1238.64, 8.203508e-21
138, 7.5342, -6.4045, 1238.64, 8.534751e-21
139, 5.0082, -5.5756, 938.01, 1.968792e-23
140, 7.2672, -6.2606, 1238.64, 6.699591e-21
141, 7.5201, -6.5718, 1238.64, 8.929857e-21
142, 7.3671, -6.4789, 1238.64, 8.217178e-21
143, 7.4197, -6.5261, 1238.64, 8.562260e-21
144, 7.3769, -6.4670, 1238.64, 8.217865e-21
145, 7.3504, -6.3871, 1238.64, 7.782493e-21
146, 7.4353, -6.5624, 1238.64, 8.698491e-21
147, 7.4604, -6.3971, 1238.64, 8.282491e-21
148, 7.3382, -6.3358, 1238.64, 7.482448e-21
149, 7.4733, -6.3337, 1238.64, 8.060449e-21
150, 7.5416, -6.5211, 1238.64, 8.879058e-21
151, 7.4192, -6.3578, 1238.64, 7.959200e-21
152, 7.3006, -6.3613, 1238.64, 7.411650e-21
153, 7.3691, -6.0782, 1238.64, 6.134521e-21
154, 7.4850, -6.3291, 1238.64, 8.081083e-21
155, 2.1070, 0.8784, 985.32, 4.719416e-12
156, 7.3699, -6.2892, 1238.64, 7.401633e-21
157, 7.3827, -6.5222, 1238.64, 8.415331e-21
158, 7.2743, -6.5352, 1238.64, 7.969648e-21
159, 7.6218, -6.3284, 1238.64, 8.440239e-21
160, 7.4513, -6.4544, 1238.64, 8.457860e-21
161, 7.3599, -6.3671, 1238.64, 7.738103e-21
162, 7.2792, -6.3705, 1238.64, 7.340518e-21
163, 7.4477, -6.3285, 1238.64, 7.939868e-21
164, 7.5629, -6.2706, 1238.64, 8.049280e-21
165, 7.3267, -6.3113, 1238.64, 7.300051e-21
166, 7.4152, -6.4697, 1238.64, 8.379162e-21
167, 7.3717, -6.6359, 1238.64, 8.622873e-21
168, 7.4967, -6.4467, 1238.64, 8.574755e-21
169, 7.4409, -6.2641, 1238.64, 7.590435e-21
170, -1.1693, 4.4105, 624.23, 8.141976e-33
171, 7.5425, -6.3665, 1238.64, 8.415459e-21
172, 7.4439, -6.3344, 1238.64, 7.952312e-21
173, 7.6185, -6.4103, 1238.64, 8.724158e-21
174, 7.5296, -6.3858, 1238.64, 8.454953e-21
175, 7.5688, -6.3542, 1238.64, 8.432748e-21
176, 7.4644, -6.3777, 1238.64, 8.218679e-21
177, 7.4220, -6.4266, 1238.64, 8.253833e-21
178, 7.3977, -6.3943, 1238.64, 8.027122e-21
179, 7.6331, -6.4603, 1238.64, 8.878574e-21
180, 7.2710, -6.2848, 1238.64, 6.855064e-21
181, 7.4132, -6.4024, 1238.64, 8.124924e-21
182, 7.4475, -6.3295, 1238.64, 7.943458e-21
183, 7.4388, -6.3684, 1238.64, 8.084652e-21
184, 7.4922, -6.4018, 1238.64, 8.405870e-21
185, 7.2866, -6.3177, 1238.64, 7.117936e-21
186, 7.4907, -6.3836, 1238.64, 8.331379e-21
187, 7.5060, -6.4469, 1238.64, 8.601224e-21
188, 7.3129, -6.3110, 1238.64, 7.225517e-21
189, 7.4555, -6.2829, 1238.64, 7.747479e-21
190, 7.4478, -6.2936, 1238.64, 7.770822e-21
191, 7.4523, -6.3334, 1238.64, 7.980683e-21
192, 7.3547, -6.5156, 1238.64, 8.282076e-21
193, 7.3792, -6.3146, 1238.64, 7.576527e-21
194, 7.4823, -6.4615, 1238.64, 8.579237e-21
195, 7.2262, -6.2687, 1238.64, 6.504527e-21
196, 7.3577, -6.4943, 1238.64, 8.228173e-21
197, 7.4312, -6.3911, 1238.64, 8.150455e-21
198, 7.3054, -6.4935, 1238.64, 7.985384e-21
199, 7.5858, -6.4011, 1238.64, 8.639296e-21
200, 7.4799, -6.5282, 1238.64, 8.752017e-21
201, 7.5338, -6.5758, 1238.64, 8.961501e-21
202, 7.4235, -6.5747, 1238.64, 8.686978e-21
203, 7.3022, -6.6194, 1238.64, 8.320091e-21
204, 7.4499, -6.4284, 1238.64, 8.363173e-21
205, 7.4421, -6.3990, 1238.64, 8.223475e-21
206, 7.3936, -6.3458, 1238.64, 7.794316e-21
207, 7.5794, -6.3029, 1238.64, 8.242866e-21
208, 7.4522, -6.3431, 1238.64, 8.024422e-21
209, 7.4549, -6.3587, 1238.64, 8.103540e-21
210, 7.2853, -6.4860, 1238.64, 7.858455e-21
211, 7.3942, -6.3648, 1238.64, 7.884280e-21
212, 7.5369, -6.4225, 1238.64, 8.603117e-21
213, 7.6094, -6.4323, 1238.64, 8.775664e-21
214, 7.5896, -6.3177, 1238.64, 8.330986e-21
215, 7.5202, -6.5914, 1238.64, 8.958490e-21
216, 7.5513, -6.3668, 1238.64, 8.439128e-21
217, 7.3500, -6.4443, 1238.64, 8.016241e-21
218, 7.3350, -6.2310, 1238.64, 6.903513e-21
219, 7.3414, -6.3195, 1238.64, 7.417275e-21
220, 7.3326, -6.2040, 1238.64, 6.732789e-21
221, 7.4990, -6.6155, 1238.64, 8.947165e-21
222, 7.5321, -6.4050, 1238.64, 8.530994e-21
223, 7.3241, -6.5003, 1238.64, 8.097250e-21
224, -1.8248, -3.5231, 402.32, 6.679814e-33
225, 7.2891, -6.3157, 1238.64, 7.121379e-21
226, 7.4294, -6.3662, 1238.64, 8.037699e-21
227, 7.5153, -6.5279, 1238.64, 8.838492e-21
228, 7.3643, -6.4926, 1238.64, 8.250689e-21
229, 7.3999, -6.3896, 1238.64, 8.016852e-21
230, 7.3911, -6.3201, 1238.64, 7.659120e-21
231, 7.3350, -6.4142, 1238.64, 7.824946e-21
232, 7.2461, -6.4223, 1238.64, 7.393150e-21
233, 7.4072, -6.4222, 1238.64, 8.178405e-21
234, 0.0827, 0.0287, 896.47, 3.421304e-11
235, 7.3170, -6.4638, 1238.64, 7.934409e-21
236, 7.3964, -6.3863, 1238.64, 7.988020e-21
237, 7.4812, -6.3858, 1238.64, 8.308897e-21
238, 7.4671, -6.6514, 1238.64, 8.915554e-21
239, 7.4406, -6.4246, 1238.64, 8.316099e-21
240, 7.3486, -6.4647, 1238.64, 8.086384e-21
241, 7.5185, -6.2413, 1238.64, 7.764271e-21
242, 7.2900, -6.3648, 1238.64, 7.371662e-21
243, 7.4499, -6.4424, 1238.64, 8.412615e-21
244, 7.7269, -6.2438, 1238.64, 8.221232e-21
245, 7.6711, -6.4029, 1238.64, 8.761562e-21
246, 7.3917, -6.3452, 1238.64, 7.782735e-21
247, 7.4562, -6.4546, 1238.64, 8.474934e-21
248, 7.4255, -6.4751, 1238.64, 8.434889e-21
249, 7.4198, -6.4052, 1238.64, 8.162621e-21
250, 7.3836, -6.3883, 1238.64, 7.940743e-21
251, 7.5005, -6.4717, 1238.64, 8.661223e-21
252, 7.6330, -6.3881, 1238.64, 8.674313e-21
253, 2.7499, 2.1225, 1099.22, 1.675946e-08
254, 7.3697, -6.3102, 1238.64, 7.509373e-21
255, 7.3715, -6.2212, 1238.64, 7.033042e-21
256, 7.5116, -6.2857, 1238.64, 7.966604e-21
257, 7.4861, -6.3162, 1238.64, 8.024927e-21
258, 7.5835, -6.3060, 1238.64, 8.266357e-21
259, 7.5361, -6.3726, 1238.64, 8.422090e-21
260, 7.3454, -6.3380, 1238.64, 7.529828e-21
261, 7.5616, -6.2561, 1238.64, 7.974520e-21
262, 7.4600, -6.3814, 1238.64, 8.217775e-21
263, 7.3634, -6.2879, 1238.64, 7.363343e-21
264, 7.5705, -6.3772, 1238.64, 8.523895e-21
265, 7.3572, -6.5076, 1238.64, 8.267949e-21
266, 7.4590, -6.2620, 1238.64, 7.653055e-21
267, 7.5762, -6.5270, 1238.64, 8.949063e-21
268, 7.4548, -6.3245, 1238.64, 7.948518e-21
269, 7.3459, -6.4551, 1238.64, 8.038935e-21
270, 7.4796, -6.6019, 1238.64, 8.887584e-21
271, 7.5300, -6.4428, 1238.64, 8.650978e-21
272, 7.4915, -6.4048, 1238.64, 8.414526e-21
273, 7.5406, -6.3975, 1238.64, 8.526227e-21
274, 7.6082, -6.3547, 1238.64, 8.517041e-21
275, 7.5778, -6.4902, 1238.64, 8.875580e-21
276, 7.5752, -6.4540, 1238.64, 8.779887e-21
277, 7.3868, -6.3336, 1238.64, 7.705452e-21
278, 7.5469, -6.5608, 1238.64, 8.961221e-21
279, 7.2655, -6.2750, 1238.64, 6.769862e-21
280, 7.3349, -6.5467, 1238.64, 8.286980e-21
281, 7.4631, -6.4143, 1238.64, 8.357525e-21
282, 7.4616, -6.6066, 1238.64, 8.850427e-21
283, 7.2946, -6.5519, 1238.64, 8.118537e-21
284, 7.5061, -6.3582, 1238.64, 8.277093e-21
285, 7.4221, -6.2613, 1238.64, 7.494336e-21
286, 7.3632, -6.3048, 1238.64, 7.450397e-21
287, 7.0818, -6.3139, 1238.64, 5.836159e-21
288, 7.4506, -6.3750, 1238.64, 8.157127e-21
289, 7.2895, -6.3176, 1238.64, 7.133202e-21
290, 7.4269, -6.4479, 1238.64, 8.349354e-21
291, 7.3695, -6.4844, 1238.64, 8.245845e-21
292, 7.4767, -6.3397, 1238.64, 8.099542e-21
293, 7.3506, -6.4469, 1238.64, 8.029251e-21
294, 7.3626, -6.4228, 1238.64, 7.989773e-21
295, -2.8524, 0.8042, 1055.09, 1.095517e-01
296, 7.4747, -6.4722, 1238.64, 8.588744e-21
297, 7.5044, -6.4221, 1238.64, 8.515046e-21
298, 7.5397, -6.3994, 1238.64, 8.530608e-21
299, 7.3756, -6.3532, 1238.64, 7.746722e-21
300, 7.4284, -6.4322, 1238.64, 8.299034e-21
301, 7.4386, -6.4414, 1238.64, 8.369300e-21
302, 7.2656, -6.2265, 1238.64, 6.494363e-21
303, 7.4310, -6.5118, 1238.64, 8.562258e-21
304, 7.3986, -6.3525, 1238.64, 7.847375e-21
305, 7.4483, -6.1970, 1238.64, 7.247379e-21
306, 7.4973, -6.6175, 1238.64, 8.945897e-21
307, 7.5787, -6.2769, 1238.64, 8.121920e-21
308, 7.4907, -6.2004, 1238.64, 7.438706e-21
309, 7.2804, -6.4513, 1238.64, 7.700893e-21
310, 0.6006, -9.4634, 1191.45, 5.177526e-19
311, 7.3575, -6.4353, 1238.64, 8.016013e-21
312, 7.3554, -6.3789, 1238.64, 7.769985e-21
313, 7.4580, -6.4166, 1238.64, 8.348247e-21
314, 7.5835, -6.2554, 1238.64, 8.030392e-21
315, 7.4894, -6.4211, 1238.64, 8.467225e-21
316, 7.2793, -6.2844, 1238.64, 6.899779e-21
317, 7.4827, -6.4802, 1238.64, 8.635861e-21
318, 7.4902, -6.3662, 1238.64, 8.259406e-21
319, 7.4306, -6.2468, 1238.64, 7.452884e-21
320, 7.2312, -6.4185, 1238.64, 7.290980e-21
321, 7.1599, -6.4456, 1238.64, 6.983363e-21
322, 7.4242, -6.4213, 1238.64, 8.242171e-21
323, 7.2996, -6.4488, 1238.64, 7.790289e-21
324, 7.3642, -6.2684, 1238.64, 7.262515e-21
325, 7.4702, -6.5270, 1238.64, 8.722591e-21
326, 7.5016, -6.4628, 1238.64, 8.638179e-21
327, 4.3283, 8.3062, 411.01, 5.155450e-21
328, 7.4411, -6.4442, 1238.64, 8.387991e-21
329, 7.3006, -6.5571, 1238.64, 8.161369e-21
330, 7.4857, -6.4009, 1238.64, 8.381946e-21
331, 7.3801, -6.5201, 1238.64, 8.399475e-21
332, 7.3011, -6.3631, 1238.64, 7.422919e-21
333, 7.3045, -6.4483, 1238.64, 7.813358e-21
334, 7.3955, -6.4935, 1238.64, 8.380312e-21
335, 7.5487, -6.4727, 1238.64, 8.778841e-21
336, 7.4525, -6.4670, 1238.64, 8.502437e-21
337, 7.6589, -6.3040, 1238.64, 8.401212e-21
338, 7.5475, -6.5352, 1238.64, 8.918082e-21
339, 7.7032, -6.3294, 1238.64, 8.547089e-21
340, 7.1432, -6.3205, 1238.64, 6.270928e-21
341, 7.4771, -6.6403, 1238.64, 8.927266e-21
342, 7.4972, -6.5284, 1238.64, 8.797066e-21
343, 7.6097, -6.4879, 1238.64, 8.915198e-21
344, 7.6285, -6.3263, 1238.64, 8.443446e-21
345, 7.4171, -6.4328, 1238.64, 8.258118e-21
346, 7.2973, -6.2964, 1238.64, 7.064975e-21
347, 7.3670, -6.5313, 1238.64, 8.378449e-21
348, 7.4585, -6.4868, 1238.64, 8.582021e-21
349, 7.4009, -6.3398, 1238.64, 7.798289e-21
350, 7.3721, -6.2646, 1238.64, 7.280300e-21
351, 7.3533, -6.3774, 1238.64, 7.753172e-21
352, 7.3867, -6.3559, 1238.64, 7.810206e-21
353, 7.4265, -6.3510, 1238.64, 7.958740e-21
354, 7.3965, -6.4667, 1238.64, 8.297086e-21
355, 7.2290, -6.4128, 1238.64, 7.252858e-21
356, 7.4427, -6.3923, 1238.64, 8.199203e-21
357, 7.3796, -6.5019, 1238.64, 8.343049e-21
358, -2.9140, 0.6043, 1055.09, 2.177895e-01
359, 3.7719, 1.8530, 1091.63, 2.172201e-10
360, 0.6589, -8.9577, 1034.11, 1.235058e-18
361, 7.4062, -6.4389, 1238.64, 8.237300e-21
362, 7.4257, -6.4859, 1238.64, 8.469281e-21
363, 0.0222, 0.1433, 896.47, 1.703807e-10
364, 7.4482, -6.5074, 1238.64, 8.606853e-21
365, 7.4866, -6.3612, 1238.64, 8.226350e-21
366, 7.4596, -6.3513, 1238.64, 8.088694e-21
367, 7.4578, -6.4785, 1238.64, 8.555073e-21
368, 7.4300, -6.4658, 1238.64, 8.420916e-21
369, 7.3734, -6.4145, 1238.64, 8.005015e-21
370, 7.3194, -6.5222, 1238.64, 8.145766e-21
371, 7.3845, -6.3824, 1238.64, 7.918898e-21
372, 7.5393, -6.3809, 1238.64, 8.461970e-21
373, 7.3753, -6.5432, 1238.64, 8.443458e-21
374, 7.2013, -6.5379, 1238.64, 7.588646e-21
375, 7.3668, -6.2493, 1238.64, 7.170346e-21
376, 7.4275, -6.5897, 1238.64, 8.727900e-21
377, 7.3199, -6.4686, 1238.64, 7.966278e-21
378, 7.3070, -6.4487, 1238.64, 7.827317e-21
379, 7.3749, -6.3566, 1238.64, 7.759529e-21
380, 7.5560, -6.4852, 1238.64, 8.825303e-21
381, 7.5037, -6.4206, 1238.64, 8.507742e-21
382, 7.4040, -6.2714, 1238.64, 7.467832e-21
383, 7.3816, -6.2285, 1238.64, 7.124867e-21
384, 7.3337, -6.2844, 1238.64, 7.194669e-21
385, 7.4092, -6.3539, 1238.64, 7.899279e-21
386, 7.4215, -6.1185, 1238.64, 6.648140e-21
387, 7.2883, -6.3154, 1238.64, 7.115715e-21
388, 7.4653, -6.3923, 1238.64, 8.280436e-21
389, 7.4061, -6.4202, 1238.64, 8.166400e-21
390, 0.0962, 0.1095, 896.47, 4.997753e-11
391, 7.3773, -6.4665, 1238.64, 8.217717e-21
392, 7.4693, -6.3656, 1238.64, 8.185619e-21
393, 7.5249, -6.4083, 1238.64, 8.524045e-21
394, 7.6455, -6.3801, 1238.64, 8.664705e-21
395, 7.3548, -6.3180, 1238.64, 7.475976e-21
396, 7.5027, -6.4142, 1238.64, 8.482440e-21
397, 7.5516, -6.4467, 1238.64, 8.712167e-21
398, 7.3797, -6.3850, 1238.64, 7.909098e-21
399, 7.3987, -6.4359, 1238.64, 8.196208e-21
400, 7.6185, -6.2695, 1238.64, 8.179462e-21
401, 7.6068, -6.4912, 1238.64, 8.918924e-21
402, 7.5260, -6.5111, 1238.64, 8.825059e-21
403, 7.4865, -6.3680, 1238.64, 8.254717e-21
404, 7.4564, -6.6391, 1238.64, 8.878464e-21
405, 7.4383, -6.4344, 1238.64, 8.343479e-21
406, 7.7156, -6.2499, 1238.64, 8.238167e-21
407, 7.5001, -6.5509, 1238.64, 8.850351e-21
408, 7.3109, -6.4132, 1238.64, 7.701175e-21
409, 7.1311, -6.4475, 1238.64, 6.811327e-21
410, -5.2995, 3.1729, 753.27, 1.372459e-21
411, 7.5019, -6.4508, 1238.64, 8.602309e-21
412, 3.4291, -1.5899, 409.34, 1.306824e-27
413, 7.4649, -6.4865, 1238.64, 8.600928e-21
414, 7.3112, -6.3361, 1238.64, 7.344464e-21
415, 7.5076, -6.3166, 1238.64, 8.099812e-21
416, 7.4508, -6.2247, 1238.64, 7.416609e-21
417, 8.4031, -0.4171, 505.64, 1.378573e-24
418, -9.1137, -1.6285, 1183.19, 2.974814e-23
419, 7.5605, -6.4733, 1238.64, 8.803923e-21
420, 7.5382, -6.3568, 1238.64, 8.365260e-21
421, 7.5657, -6.3387, 1238.64, 8.362597e-21
422, 7.3138, -6.3858, 1238.64, 7.595395e-21
423, 7.3452, -6.2423, 1238.64, 7.021399e-21
424, 7.4725, -6.6455, 1238.64, 8.922031e-21
425, 7.3635, -6.4762, 1238.64, 8.192795e-21
426, 3.0194, 1.5514, 1010.15, 3.815115e-09
427, 7.0180, 1.4663, 700.43, 7.867220e-23
428, 7.3128, -6.2324, 1238.64, 6.793406e-21
429, 7.4783, -6.4744, 1238.64, 8.606272e-21
430, 7.3564, -6.2874, 1238.64, 7.325520e-21
431, 7.4311, -6.3349, 1238.64, 7.903111e-21
432, 7.4973, -6.3042, 1238.64, 8.007412e-21
433, 7.4614, -6.3729, 1238.64, 8.187928e-21
434, 7.6599, -6.4285, 1238.64, 8.823507e-21
435, 7.2492, -6.4079, 1238.64, 7.346454e-21
436, 7.5805, -6.3686, 1238.64, 8.513991e-21
437, 7.4991, -6.3294, 1238.64, 8.129990e-21
438, 7.4952, -6.4874, 1238.64, 8.690734e-21
439, 9.0547, -3.2566, 518.18, 3.728066e-23
440, 7.6225, -6.4728, 1238.64, 8.896529e-21
441, 7.4675, -6.0395, 1238.64, 6.337271e-21
442, 3.2029, 6.8198, 755.06, 1.317807e-20
443, 7.4952, -6.4866, 1238.64, 8.688681e-21
444, 1.7993, -4.0278, 912.98, 2.674748e-21
445, -9.3266, -0.6537, 201.08, 7.714073e-24
446, 7.4700, -6.2850, 1238.64, 7.814515e-21
447, 7.1530, 6.2944, 549.45, 1.234478e-22
448, -4.1629, -2.5375, 313.51, 7.265041e-27
449, 4.8542, 1.0107, 686.54, 8.902194e-17
450, -4.4313, 8.2223, 392.66, 5.773330e-20
451, 7.4013, -6.4363, 1238.64, 8.208255e-21
452, 7.4505, -6.2483, 1238.64, 7.545403e-21
453, 7.4790, -6.5170, 1238.64, 8.722951e-21
454, 7.2219, -6.4468, 1238.64, 7.360400e-21
455, 7.4529, -6.4248, 1238.64, 8.360566e-21
456, 5.1726, -4.7467, 370.98, 1.426462e-24
457, 5.9064, 1.0681, 1003.24, 2.091987e-20
458, 7.5735, -6.3271, 1238.64, 8.333084e-21
459, 3.7095, 1.8475, 1091.63, 3.534312e-10
460, -8.3351, -4.7597, 1019.50, 2.226542e-19
461, 7.6577, -6.4194, 1238.64, 8.796864e-21
462, 5.0102, 7.6812, 912.79, 7.586226e-21
463, 7.5767, -6.5263, 1238.64, 8.948684e-21
464, 7.4745, -6.5782, 1238.64, 8.838393e-21
465, 3.9099, 7.6515, 776.22, 9.725726e-21
466, -9.0582, -2.0978, 309.80, 1.137117e-22
467, -0.7374, 4.5400, 496.00, 4.754544e-32
468, 7.2434, -6.3902, 1238.64, 7.232333e-21
469, 7.4713, -6.5274, 1238.64, 8.726521e-21
470, 7.3520, -6.3805, 1238.64, 7.760906e-21
471, -7.0547, -1.3545, 664.48, 4.713367e-23
472, -3.8968, 1.8220, 968.79, 7.196953e-12
473, -2.8229, 0.4997, 1140.46, 5.373440e-01
474, 7.3011, -6.4871, 1238.64, 7.941802e-21
475, 7.4434, -6.4258, 1238.64, 8.330441e-21
476, 7.3068, -6.3745, 1238.64, 7.507085e-21
477, 7.4206, -6.1913, 1238.64, 7.092034e-21
478, -3.9633, -4.7887, 660.64, 4.080527e-25
479, 7.3791, -6.3701, 1238.64, 7.840353e-21
480, -6.4147, 7.5842, 960.95, 6.547794e-21
481, 7.1989, -6.4102, 1238.64, 7.063289e-21
482, -2.8946, 8.1297, 1191.09, 1.096249e-18
483, 7.3849, -6.4287, 1238.64, 8.111044e-21
484, 7.3283, -6.4990, 1238.64, 8.112469e-21
485, 7.4371, -6.4984, 1238.64, 8.545695e-21
486, -2.1677, -2.9348, 592.40, 2.661407e-31
487, 7.3827, -6.4800, 1238.64, 8.285877e-21
488, 7.6104, -6.4649, 1238.64, 8.863032e-21
489, 7.4454, -6.2976, 1238.64, 7.781174e-21
490, 6.5927, 4.0261, 629.06, 1.383111e-23
491, -1.3827, -5.2849, 277.85, 1.520300e-29
492, 7.5918, -6.4632, 1238.64, 8.832211e-21
493, 7.4921, -6.2386, 1238.64, 7.656390e-21
494, 7.4492, -6.4126, 1238.64, 8.302397e-21
495, -2.1185, 5.7782, 226.84, 4.567083e-29
496, 7.4389, -6.3133, 1238.64, 7.832111e-21
497, 7.3922, -6.2537, 1238.64, 7.317474e-21
498, 7.3875, -6.4573, 1238.64, 8.227863e-21
499, -2.6591, 2.2907, 464.84, 5.842870e-15
500, 7.4219, -6.3076, 1238.64, 7.733157e-21
501, 7.5389, -6.4391, 1238.64, 8.660857e-21
502, 7.4655, -6.6026, 1238.64, 8.854633e-21
503, -4.2809, -2.0945, 834.51, 7.022006e-25
504, 7.4683, -6.4835, 1238.64, 8.602846e-21
505, 7.4457, -6.2129, 1238.64, 7.328173e-21
506, -3.2918, -8.7582, 862.36, 1.989637e-20
507, 7.5679, -6.3152, 1238.64, 8.268608e-21
508, 7.5997, -6.4996, 1238.64, 8.927621e-21
509, 7.3633, -6.4678, 1238.64, 8.162364e-21

# Top 20 weights and their marker details:
# Rank, Original_Marker_Index_in_St2_Set, X, Y, Amplitude, Weight
1, 473, -2.8229, 0.4997, 1140.46, 5.373440e-01
2, 358, -2.9140, 0.6043, 1055.09, 2.177895e-01
3, 295, -2.8524, 0.8042, 1055.09, 1.095517e-01
4, 134, -2.9771, 0.7068, 1055.09, 8.386015e-02
5, 24, -2.8821, 0.8673, 1055.09, 5.145464e-02
6, 253, 2.7499, 2.1225, 1099.22, 1.675946e-08
7, 426, 3.0194, 1.5514, 1010.15, 3.815115e-09
8, 459, 3.7095, 1.8475, 1091.63, 3.534312e-10
9, 34, -0.0555, 0.0565, 896.47, 2.984773e-10
10, 359, 3.7719, 1.8530, 1091.63, 2.172201e-10
11, 363, 0.0222, 0.1433, 896.47, 1.703807e-10
12, 390, 0.0962, 0.1095, 896.47, 4.997753e-11
13, 234, 0.0827, 0.0287, 896.47, 3.421304e-11
14, 97, 0.0106, -0.1885, 896.47, 1.398684e-11
15, 472, -3.8968, 1.8220, 968.79, 7.196953e-12
16, 155, 2.1070, 0.8784, 985.32, 4.719416e-12
17, 68, 0.1769, -0.0696, 896.47, 4.117634e-12
18, 499, -2.6591, 2.2907, 464.84, 5.842870e-15
19, 449, 4.8542, 1.0107, 686.54, 8.902194e-17
20, 80, -5.8301, 0.5230, 854.77, 1.989833e-18
